Id,geacron_similarity,concept_similarity
214,0.8919,0.88212128956975
1032,0.7973,-1
972,0.8931,0.71565152712378
529,-1,0.8190195966909399
688,0.7556,-1
708,-1,0.75881565203717
617,-1,0.67554348884528
1149,-1,0.71798908019108
1626,0.893,0.84574460982113
1371,0.7704,-1
1947,0.7931,-1
360,0.7981,0.909023595605225
2010,-1,0.81809582619725
759,0.6916,0.79393897758647
2026,-1,0.79656568801967
1085,0.6858,0.7413061396421801
156,0.8931,0.78795191181703
687,0.7556,-1
929,-1,0.83720073536439
828,0.7911,-1
1233,0.6883,0.74925118920375
569,0.7422,-1
648,0,0.79789429883527
1240,0.6282,-1
2067,-1,0.82435183818359
436,0.8922,0.83230591535973
128,-1,0.7001276862157
1127,0.8812,0.78810711736115
711,0.8932,0.74818938830412
1717,-1,0.78093730688234
816,0.6872,0.7633889913326299
419,-1,0.75899606833778
392,-1,0.78019467237015
1301,0.7288,-1
1741,0.6135999999999999,-1
1377,0,-1
1888,-1,0.78062293700046
975,0.8829,-1
701,-1,0.70089164075209
1236,0.7898000000000001,-1
391,-1,0.68078522149406
1159,-1,0.8094659530698101
44,0.8851,0.759451588595
1785,0.7998000000000001,0.8412891877031901
1063,0.7984,0.81615659176831
1606,-1,0.78798816882477
1018,0.7973,-1
580,-1,0.75370619513491
1640,0.879,-1
678,-1,0.74471162629998
413,-1,0.8239181885299001
1636,0.879,-1
161,0.8936,0.7621120454743899
992,0.8842,-1
294,0.7619,0.79378099804317
1034,0.7973,0.74033821693738
540,-1,0.78250195218914
1656,-1,0.73423906428721
1583,0.554,-1
184,0.7958000000000001,0.73875476392103
952,0.7704,0.74066646062052
905,0.8948,0.7675920460894
54,0.7885,0.8081546724181801
1104,0.7827,-1
1857,-1,0.78111720490569
1296,0.8974,0.918632377440844
253,0.6302,-1
1155,-1,0.6792274464014401
1528,0.4689,-1
615,-1,0.70421300616671
1968,-1,0.7481196112363
443,-1,0.78914482877255
1313,0.8923,0.903404445429516
1137,0.6993,-1
1398,0,-1
1520,-1,0.78131978592101
264,0.8922,0.952426271359008
810,0.7979,0.8481962833846
1208,0.6849000000000001,0.80582395407579
1023,0.7973,0.77480442325567
1718,-1,0.78263975414187
464,0.7761,0.75283845349352
1963,-1,0.84052652631595
1418,0.7968999999999999,0.79534214637993
405,-1,0.7882336604501801
1971,-1,0.73624403350885
2066,-1,0.81930891185082
345,0.7981,0.8682640686227
1621,0.8911,0.7519706233412999
1612,0.8966,0.77876841168493
1187,0.5840000000000001,-1
1504,-1,0.73694205415116
1841,-1,0.77101718655972
1695,-1,0.79817161684119
1580,0.7974,0.88502649514923
1843,-1,0.7709367042280499
855,-1,0.76599497124034
803,0.722,-1
239,0.8935,0.85573301347262
1669,-1,0.75635466287015
1166,0.7923,0.83016072817949
97,0.8873,0.7351175869561399
675,0.7905,0.80145900089661
1735,-1,0.78198738288986
431,0.8933,0.92155924058535
1853,-1,0.7806106630151199
942,0.8812,-1
1460,0.8881,0.7537107887296299
1864,-1,0.7823184377287999
157,0.8935,0.75198291378853
599,0.5928,0.77549969581579
873,0.8929,0.77673104447209
256,0.893,0.955322173012924
1312,0.8923,0.906226859311671
702,-1,0.6763620379325099
108,-1,0.65811934228349
219,0.8919,0.924306375501208
1870,-1,0.78232634776194
1989,0.8974,0.79080819668933
47,-1,0.7732914447666
558,0.8919,0.77922563806265
1180,0,-1
743,0.8919,0.76155369233891
1521,0.44730000000000003,-1
118,-1,0.68232507482947
375,0.7933,0.904685253515408
1117,0.731,-1
22,0.8916,0.82173089951206
1338,0.5529,-1
2016,-1,0.82384021064307
258,0.8922,0.901821299939061
728,0.6293,0.81056028028232
1803,-1,0.74303378525906
577,0.7917,0.76724038159686
1874,-1,0.78162967506498
1816,-1,0.77473291915594
1542,-1,0.84081990166305
835,0.7908,0.81329350039842
55,0.7704,0.79080428975925
1043,0.7973,0.77216657209218
565,-1,0.7652921761390901
1581,0.7974,0.7664383433929101
2063,-1,0.82098600423402
1362,0.7981,-1
352,0.7981,0.920873557158992
1704,-1,0.79726341359441
1557,0.8658,-1
1172,0.39990000000000003,-1
2006,-1,0.8203879605386
1461,0.8881,-1
865,-1,0.8114605584673
690,0.7556,-1
703,0.7988999999999999,0.82031039856722
361,0.7981,-1
1202,0.7903,0.76107461053239
1369,0.5409999999999999,-1
435,0.7962,0.927092221640247
339,0.7981,0.89503230132463
1862,-1,0.78162340644049
1982,-1,0.75804130020662
1126,0.7966,0.8184606430697801
1076,0.6863,0.8267596419201599
14,0.49729999999999996,-1
119,-1,0.61853242732158
154,0.7911,0.75567188141593
646,0,0.79789596311819
642,0,0.7979169347586
681,-1,0.7979551764907
1138,0.7923,-1
889,-1,0.76862508285149
655,-1,0.80878165038535
1884,-1,0.78065052510703
1082,0.5958,0.74565345485516
208,0.6998,-1
96,-1,0.77939012337265
325,0.7905,0.82338202364389
1993,-1,0.76621372419849
1146,-1,0.79476823675716
329,0.7934,0.83964182237052
1747,0.6135999999999999,-1
927,-1,0.83720356945526
1662,-1,0.7926752295165
1670,-1,0.77381810516153
680,-1,0.74430207822889
2028,-1,0.82162290174112
1396,-1,0.75653975550577
1297,-1,0.75749032946953
849,0.7908,-1
456,-1,0.79602372813672
386,0.7903,0.75673729177558
415,0.7962,0.77368912218086
1185,-1,0.82568191400742
1058,0.7772,-1
300,0.7806,0.79712443016767
2078,-1,0.825623938791
197,0.8919,0.82190912784044
1619,-1,0.7816878050443901
1324,0.7887,-1
1728,-1,0.77156464670796
1802,-1,0.74681043530184
539,-1,0.77068353724325
1002,0.7893,-1
1610,-1,0.787059084405
1530,0.7885,0.8140848234024
1868,-1,0.7816216367000199
833,0.07110000000000005,-1
1060,0.7984,0.8171782268148999
1801,-1,0.79124206422886
1932,-1,0.80180045421755
472,-1,0.7930434161090301
1450,0.8881,0.7349825023252
1856,-1,0.78162249255272
249,0.8942,0.87548018373536
1742,0.6135999999999999,-1
1745,0.6135999999999999,-1
587,-1,0.7475530928635701
1030,0.7973,0.77149521809707
78,0.8844,0.72631894336995
1766,-1,0.77473441809058
977,0.8908,0.745706912101
1269,0.7827,-1
126,-1,0.76866569162981
169,0.7886,0.76745101449702
1160,-1,0.74127609740345
39,0.8919,0.77720848011998
1746,0.6135999999999999,-1
1191,0.7965,0.81869772728517
265,0.8936999999999999,0.91596707745735
785,-1,0.8552334798087
582,0.7587,-1
1653,-1,0.75514938370007
856,-1,0.78064279971549
1046,0.7905,0.7629953168571599
772,0.5591999999999999,0.71116306475812
597,-1,0.76639324323563
1959,0.7585,-1
1595,-1,0.78570481999354
1480,0.771,-1
2094,-1,0.80526109066059
89,-1,0.7823591175715701
1459,0.8881,-1
1809,-1,0.7497094827531
385,-1,0.77138132502607
402,-1,0.7937818817532301
1908,-1,0.78061758184022
534,-1,0.7748129117633
1496,0,-1
1131,0.8925,-1
1481,0.726,-1
206,0.6998,0.8779117385766599
2030,-1,0.82040632033548
1890,-1,0.78066184915747
1016,0.7973,0.7543095785428799
201,0.8919,0.81985177170667
791,0.8941,0.74576631592066
455,-1,0.77497045715117
459,-1,0.76318489862478
620,-1,0.7168543569789301
555,-1,0.65882306137798
1399,0.6957,0.8073859080343699
43,-1,0.81177119516187
35,-1,0.85080168096523
1861,-1,0.78065586998169
1593,-1,0.78532130888804
737,0.6293,0.710821531133
832,0.7901,0.80804663273696
1804,-1,0.6809122326553
1133,0.8,-1
932,-1,0.83718710502645
1598,-1,0.77565105701646
980,0.8899,0.8187503263772999
1657,-1,0.76595270267225
432,0.8933,0.88406189614798
1672,-1,0.741497302789
1550,-1,0.72235968681509
1057,0.7772,0.73124908265025
62,0.8919,0.77948289134174
990,0.785,0.83440737832009
451,-1,0.7291134128874099
995,0.7827,-1
1364,0.7981,-1
2092,-1,0.8052746076880399
789,0.8941,0.80112394447974
1792,-1,0.7594683090316
1493,0.8815,-1
71,-1,0.79209610453922
328,0.7953,0.77250717519279
931,-1,0.83719691798773
1432,0.7815,-1
2025,-1,0.82429455206838
986,0.7846,0.83972146241845
410,-1,0.75750494982245
1685,-1,0.79770693715146
798,0.7706999999999999,-1
794,-1,0.81675010499053
1903,-1,0.78066523627896
1811,-1,0.76712291179714
1454,0.6971,0.74189678933807
25,0.8923,0.83007511344219
1055,0.6998,-1
738,0.6293,0.77548476917586
1181,0.7968999999999999,0.7970086124257301
1944,0.6996,0.78912484728582
2005,-1,0.81976879001086
2000,-1,0.72765178736865
650,0.6362,0.7640456001821601
259,0.8936999999999999,0.910955329323611
261,0.7962,0.923038148945225
1723,-1,0.7621003766705
1308,0.7922,0.84801019431577
1145,-1,0.78713435150971
8,0.4689,-1
1842,-1,0.77142150960155
2021,0.7665,-1
1673,-1,0.79769922218264
1413,-1,0.7288444765092901
283,0.7978000000000001,-1
1514,0.6898,0.8145546103545
1061,0.7984,0.54783495901328
1124,0.8866,-1
1962,-1,0.7847417371622301
619,-1,0.72968154014488
967,0.794,0.89548888888536
1927,-1,0.78246570389495
588,-1,0.76488510220094
820,0.8684000000000001,0.83138931229156
551,-1,0.76074626083956
1835,-1,0.79396307549997
1627,0.8911,0.7363256999593599
1197,0.7965,0.76477999791364
1757,0.6135999999999999,-1
129,-1,0.71457796097605
1231,0,-1
1629,0.7908999999999999,-1
1949,0.7931,-1
267,0.8995,0.910300628464224
2040,-1,0.756060624405
368,0.7981,0.931996143229178
1960,-1,0.84469490233233
56,0.7544,0.81343260454155
2011,-1,0.82313326681039
1289,0.8974,0.7359328475193301
1424,0,-1
1171,-1,0.6442444054596099
395,0.7916,0.7870726017380301
787,-1,0.74183226818233
2099,-1,0.80525754617138
1562,0.7585999999999999,-1
1306,0.7918000000000001,0.87443402169929
923,-1,0.83718183110377
813,0.7827,0.75048151852931
186,0.8935,0.81118723623833
1529,-1,0.7393562452822899
189,0.7846,0.72134098591215
822,0.7995,0.906401088964756
966,0.794,0.89158604612228
2098,-1,0.8052504629709301
1820,-1,0.70886265761722
807,0.7928999999999999,0.79595328579787
1065,0.5957,-1
190,0.7961,0.74490390296852
689,0.7556,-1
144,0.6704,0.72311524593041
378,0.8987,0.8800064047913501
651,0.7987,0.903866843708139
68,-1,0.87557132703882
712,0.8932,0.7739918711455
178,0.8684000000000001,-1
694,-1,0.78302784512494
1412,-1,0.72286002213363
563,0.8938,0.76529185136913
1311,0.8923,0.924201502136333
1229,0.6869000000000001,0.75671572741307
40,-1,0.74045412569235
763,0.7937,0.7978237094505
899,0.8944,0.73615432022522
593,0.8671,-1
946,0.8961,0.7351158153377
1254,0,0.91476973556881
202,0.7704,0.82249486421637
567,-1,0.74544210138007
1548,-1,0.79789035541289
2095,-1,0.80527052075592
607,0.6998,0.88694189987049
1284,0.8949,0.935704227025032
1472,0,0.89683992045071
224,0.8935,0.82371167321619
594,-1,0.74616239505852
998,-1,0.65813589636071
2089,-1,0.7971880275323
589,0.8935,0.77852548287639
971,0.8931,0.75304484146332
309,0.5957,-1
215,0.8938,0.9190086818157059
1815,-1,0.77250938725151
2003,-1,0.79522421954679
1939,0.7954,0.78143468979067
1453,0.6507000000000001,0.75198899958724
1575,0.7974,0.78127636529918
1403,0.6970000000000001,0.76737791426648
121,-1,0.69534051161993
13,0.49729999999999996,-1
217,0.8919,0.924304346938888
1635,0.879,-1
756,-1,0.79414887904226
1463,0.8881,0.74111175887028
1596,-1,0.77542983893961
377,0.7936,0.81242422696229
37,0.49860000000000004,0.76791104179963
1729,-1,0.79645603767576
2007,-1,0.81918109666629
2001,-1,0.80009090814257
1854,-1,0.78100536519919
1344,0.894,0.74272662012152
448,-1,0.7175064385230401
1973,-1,0.69206278419078
808,0.8,0.84357974869383
818,0.6872,0.83334135471257
969,0.6293,-1
1274,0.7903,-1
776,0.7965,0.77735058682029
1356,0.7981,0.73456249778334
101,-1,0.7834977425074
1098,0.8921,-1
257,0.8923,0.916084777986591
602,-1,0.7429306432012099
1471,0.8942,-1
1641,0.879,-1
355,0.7981,-1
1295,0.8974,0.907655562608318
1752,0.6135999999999999,-1
741,0.8919,0.77730227812715
1978,-1,0.76070974965763
1350,0.7981,-1
1901,-1,0.78062039020757
2068,-1,0.8354834891190099
337,0.7767999999999999,-1
254,0.7917,0.909891129742629
50,0.7906,0.76491757780523
397,0.8919,0.79044623327507
437,-1,0.85631043148293
1215,0.781,-1
1638,0.879,-1
1317,-1,0.72267051306019
1337,0.5529,-1
1346,0.7912,0.8508114975105
1655,-1,0.69514850100699
1279,0.8901,-1
314,0.6293,0.8049441944771301
1158,-1,0.78321637674304
334,0.7746999999999999,0.71873885586912
1798,-1,0.79500042536239
1658,-1,0.77995045188603
2079,-1,0.82626854718864
974,-1,0.77155781900655
1564,0.8915,0.78727454894707
523,0.7846,-1
1190,0.7915,0.8507439740895499
1994,-1,0.79539761609295
725,0.6293,0.85614087288832
80,-1,0.78846460255272
91,-1,0.67593841465101
95,0.8992,0.74444573955214
1467,0.7914,0.75201274229021
1508,0.8924,0.76626075635402
223,0.891,0.913544602183041
1470,0.8914,0.77084694111828
914,0.8936,0.74965178948944
34,0.31410000000000005,-1
250,0.8942,0.85900996994669
306,0.6267,0.7637764415704
1585,-1,0.79574915449833
1875,-1,0.78112681577715
1059,0.7772,-1
1072,0.7983,0.78121116784295
630,-1,0.77420070640144
1744,0.6135999999999999,-1
1335,0.6089,-1
1956,-1,0.83803993311256
274,0.8995,0.88182645031179
308,-1,0.76087670112234
544,0.6391,-1
705,0.7917,0.81958431969986
1282,0.8949,0.909019887221108
1568,0,-1
1445,0.6129,0.74333053289713
682,-1,0.73490232905231
863,0.8892,0.83655480310331
1510,0.785,0.74686954036386
26,0.8923,0.8300751016232399
370,0.7948,0.88600288039485
198,0.8902,0.81339739053916
1327,-1,0.77960120545176
1607,-1,0.77683331893477
937,-1,0.83719214469753
312,0.6293,0.76784428975596
1010,0.7973,0.79783221310201
2039,0.5879,-1
1912,-1,0.78162632497009
2100,-1,0.8067734817150201
1130,0.7971,0.7351126690144201
707,0.8811,0.7812088027122
364,0.7981,0.919411027171317
367,0.7981,0.934186183115817
1271,0.7815,-1
1331,0.7545999999999999,0.7449062417601
1022,0.7973,0.74309958233443
1270,-1,0.82446349293078
2015,-1,0.8238391847783599
1537,-1,0.80345415787281
231,0.8931,0.91878616711538
1849,-1,0.78065369916864
1800,-1,0.81283671658925
592,-1,0.78254465151594
427,0.7965,0.83870261114236
780,0.8965,0.74487650313602
199,0.8941,0.82799158213722
1045,0.7905,0.82338100861119
1865,-1,0.78061526863536
609,0.893,0.966915517606499
1797,-1,0.83806838084461
373,0.6742,0.78801362649213
72,-1,0.81714822700142
928,-1,0.83719622702489
1222,0.7941,0.87449810122147
1404,-1,0.7696761588669
384,0.8949,0.78238260775278
1115,0.731,0.78598261381171
1212,0.6032,-1
1601,-1,0.78618664047804
1174,0.39990000000000003,-1
1795,-1,0.76039507694342
531,0.44730000000000003,-1
1819,-1,0.7764825233660599
2061,-1,0.82040687882633
1634,0.879,-1
1339,0.5529,-1
1039,0.7973,0.73727650998428
1540,-1,0.7709345206803799
1513,0.6293,-1
191,0.8941,0.7992837200210701
331,0.6918,0.7830015647212301
568,-1,0.76529048624093
1812,-1,0.77731138691227
1188,-1,0.82065227764352
1051,0.8952,-1
1173,0.6135999999999999,-1
2020,-1,0.74412992414159
211,0.7704,0.84055512439953
441,-1,0.81216414692079
1955,-1,0.80297286026111
884,0.7815,0.78154373562021
765,0.8936,0.80493319053476
369,0.7981,0.935369442782712
1920,-1,0.7806566119935
645,0,0.8028128364661
988,0.785,0.8299095152517499
216,0.8919,0.928418393711297
1885,-1,0.7811333823815501
1001,0.7916,0.82901026205462
1101,0,-1
917,0.6948,0.80272719169968
700,-1,0.67720880750497
1176,0.7995,0.82519982668126
1524,0.44730000000000003,-1
1234,0.7917,-1
1671,-1,0.76849765313484
1475,0.7618,-1
1151,-1,0.63258648462378
1384,0.8956,0.912547602102043
1608,-1,0.78703713017188
1851,-1,0.78112047491938
1245,0,0.77724398794443
1946,0.7931,-1
1515,0,-1
1879,-1,0.78100669764413
1387,0.7962,-1
754,0.6918,-1
12,0.49729999999999996,-1
1246,0,0.76358140804781
1578,0.7974,0.83050436732786
73,-1,0.74312732038397
984,0.7678,0.80318302767682
1730,-1,0.79758999004271
954,0.7905,0.77850551425547
686,0.7556,-1
1760,0.6135999999999999,-1
374,0.8941,0.904620088724702
138,0.6767000000000001,-1
1691,-1,0.79770594200067
27,0.7981,0.88638166183038
492,-1,0.776205764479
196,0.7776000000000001,0.55599734510125
317,0.8911,-1
659,0.8981,0.906740746746995
1322,0.8923,0.88774358763396
1632,0.879,-1
854,-1,0.76462123417553
1129,0.8812,0.78544803399897
1523,0.4689,-1
1904,-1,0.78162899997042
1688,-1,0.79881413091499
295,-1,0.75367530350094
720,0.7917,-1
404,0.7905,0.751524189701
2097,-1,0.80525409247054
1668,-1,0.76443251671139
45,-1,0.7637837508244301
147,0.8842,0.81916805540526
1706,-1,0.7988053296373601
426,0.7965,0.8321318658072
533,0.5709,-1
841,0.7581,-1
1379,0.7983,0.80409273798986
1896,-1,0.78100142780342
957,0.785,0.78274685084749
1918,-1,0.78062630652525
1813,-1,0.78216630143413
1574,0.7974,0.77085146765173
1929,0.795,0.77850589590342
1569,0,-1
1444,0.7558,-1
1702,-1,0.79760618602433
1549,-1,0.75312653532191
2104,-1,0.7758603453281601
930,-1,0.83719418404364
99,-1,0.63978410777997
237,0.8961,0.89364198458213
132,-1,0.80079147455778
1407,0.7626999999999999,-1
1778,-1,0.78795456264624
541,-1,0.78286198631023
380,-1,0.79311686304962
467,-1,0.7185724449958499
786,-1,0.84961192795923
81,-1,0.77502056180799
430,0.782,-1
1425,-1,0.69068816063299
412,0.7846,0.89287343091624
1818,-1,0.7461892960632199
1936,-1,0.78387457447576
229,0.8961,0.86404641704581
1070,0.7917,-1
894,0.575,-1
1686,-1,0.79726072314236
1163,0.792,0.81829713061698
635,-1,0.74239635329286
241,0.7981,0.930654266947122
1682,-1,0.79881005175096
462,-1,0.7656157950934099
83,-1,0.67793124354775
1286,-1,0.79785025499746
1703,-1,0.79769704752362
2059,-1,0.82098529179665
1186,0.7822,-1
545,-1,0.73403979787912
1721,-1,0.7624348853919201
1044,0.7973,0.76576611836612
733,0.6293,0.83816091016972
561,0,0.80168470953025
348,0.7981,0.87188725787624
983,0.8899,0.72863440003032
1476,0.759,-1
1602,-1,0.7762523735787
1754,0.6135999999999999,-1
521,0.687,0.78944159508081
1416,0.8941,-1
1899,-1,0.78112071761809
122,0.7545,0.72489689068439
1954,-1,0.78153569617222
1821,-1,0.78335538843383
1779,-1,0.76923587933934
1663,0.7961,0.9282487416176131
1449,0.6135999999999999,-1
1210,0.7905,-1
2082,-1,0.82562344044206
1012,-1,0.7638380220472
530,0.49729999999999996,-1
1832,-1,0.80185223203613
964,-1,0.71284123456901
644,0,0.79701520268429
125,-1,0.69760952842878
140,0.7908,0.81229729626617
1834,-1,0.80222146283167
799,0.30200000000000005,-1
1558,-1,0.79134460577557
247,0.8961,0.8988687247144
192,0.7846,-1
891,0.7678,0.80794677119993
2041,0.6247,-1
1353,0.7982,0.65829917078593
656,-1,0.69273451988138
1526,0.44730000000000003,-1
1957,0.7809,-1
1257,0,-1
528,0.4689,-1
1694,-1,0.7988091865590901
2,0.4689,-1
996,0.751,-1
185,0.8961,0.7900096442748
1984,-1,0.81941849933593
401,0.8934,0.74229532324333
393,0.7917,0.74597300270804
1427,0.6489,-1
696,-1,0.72915087088877
1547,-1,0.6910316604064499
731,0.6293,0.82840187412203
1769,-1,0.75504320634531
612,0.7987,0.904587860867188
1878,-1,0.78061721238642
554,-1,0.76941207627068
784,-1,0.74890264167052
770,0.7896,0.7725591887577801
1406,0,-1
1544,0.1311,-1
1689,-1,0.7981750331319
468,0.8934,0.8103807955046101
1623,-1,0.78609268340794
1906,-1,0.78231736376469
1225,0.7928,-1
732,0.6293,0.8377793508193601
1637,0.879,-1
1799,-1,0.74075010075265
1144,-1,0.6972007732489001
2018,-1,0.78664632712415
840,0.7911,0.79180283929119
1352,0.7981,-1
817,0.6872,0.78833303062425
844,0.7903,-1
1696,-1,0.79761023173738
898,0.8945,0.80225105329051
1806,-1,0.6990007075392499
269,0.7995,0.906862361513331
2071,-1,0.82506249808428
1588,-1,0.78922464713444
1667,-1,0.76944934156082
872,0.8929,0.77238448660839
1570,0.7974,0.75486608260924
1029,0.7973,0.79127648092693
1381,0.7981,0.913403446329812
1326,0,-1
1283,0.8949,0.921872388317312
174,0.7585,-1
1040,0.7973,0.7908276309801601
1507,-1,0.7359961347838899
1847,-1,0.78060762542506
1872,-1,0.78100658149611
1894,-1,0.7816322283822
1375,0.7969999999999999,0.75383922657954
1383,0.7965,0.87806558510296
823,0.79,0.79756042491827
2060,-1,0.8216222801703
1195,0.7965,-1
616,-1,0.6765275028342199
226,0.8961,0.87442560888688
159,0.8916,0.73323063463737
1108,0.7917,-1
1125,0.8812,0.83151505776561
2022,-1,0.73388639060578
1099,0.8921,-1
861,0.7917,-1
64,0.796,0.7944823952714
945,0.8709,0.7406651647024101
939,-1,0.83415210092854
1975,-1,0.7805154995704799
234,0.8958,0.87415622716186
883,0.7837000000000001,0.7902540956247
1402,0.8651,-1
900,0.8945,0.72839470129872
764,0.7998000000000001,0.79728248507566
1242,-1,0.74867368548108
2085,-1,0.7971886331051801
1630,-1,0.74786453889871
1697,-1,0.79770092756182
1679,-1,0.7977008269203
336,0.757,-1
652,0.6293,0.7617888491805
1135,0.7923,-1
1250,0.5983,-1
956,0.791,0.76641288100215
1938,0.7954,-1
1705,-1,0.79723893141489
1027,0.7973,0.7896498147636299
631,-1,0.7883635619653799
777,0.7965,0.75958170241488
2014,-1,0.82504000918513
1354,-1,0.74347267313331
976,0.8908,0.8121988433023399
195,0.7802,0.79325669542734
1764,-1,0.78607632577661
1609,-1,0.77679945058628
49,0.5986,0.76998442309446
1965,-1,0.80250991781989
1660,-1,0.81908322997649
1386,0.7962,0.73129174787141
775,0.7965,0.7690561522289701
677,0.7905,0.80143909253819
1897,-1,0.78100851858448
1252,0.8734999999999999,0.80187367978824
935,-1,0.8371950386022899
724,0.6293,0.81528145112021
968,0.794,0.89490236357666
1751,0.6135999999999999,-1
403,-1,0.73911959700855
399,-1,0.75932930328918
1887,-1,0.78232985368824
240,0.8935,0.8532156766716
1415,0.749,0.7446859787603499
2054,-1,0.81976200148901
1443,0.6959,0.78264875332844
1064,0.7984,0.55531251611029
1014,-1,0.78624958909057
851,-1,0.7533152519681
1876,-1,0.78232280990119
24,0.8923,0.83007465247468
1214,0.763,-1
1385,0.8976,0.8995666678012
895,0.8914,0.78094249494649
876,0.6875,0.77353898569477
962,0.7722,-1
836,0.7917,0.79645804094796
1495,0.7871,-1
1466,-1,0.80007572654821
1017,0.7973,-1
2027,-1,0.82098543447176
1220,0.5782,-1
1265,0.763,-1
1684,-1,0.79760949087826
838,0.7917,0.82379949689175
1182,0.5703,-1
1571,0.7974,0.7565967186475699
1633,0.879,-1
1753,0.6135999999999999,-1
1708,-1,0.79760215244055
1411,0.7785,0.74332834393986
113,-1,0.61198921814574
1431,0.6671,0.7549888205479101
1736,0.8881,0.74217124867003
628,-1,0.84295699360915
802,0.7844,-1
1209,0.6293,0.84218338452539
1643,0.879,-1
875,0.7902,0.79046838207836
685,-1,0.75663788449283
1047,0.7802,0.85065455475665
1977,-1,0.67895701828528
152,0.7903,0.7997356266735101
590,0.8935,0.77925648964047
414,-1,0.7373304226078
1304,0.7918000000000001,0.84815564334831
115,-1,0.60033466918457
10,0.19640000000000002,-1
779,0.7965,0.77047165546242
1343,0.7982,0.7108422276151101
104,-1,0.7241442234347
1916,-1,0.78232500572861
752,0.7916,0.82138111301534
1490,0.7861,-1
909,0.8945,0.71578621977719
1302,0.7916,0.919439966057055
1931,-1,0.78262950762911
11,0.49729999999999996,-1
1422,0,-1
827,0.7917,-1
548,-1,0.8265553791721401
1478,0.755,-1
2056,-1,0.82098137294388
948,0.7902,0.74309519446108
1796,-1,0.82359255593534
1814,-1,0.73792648966327
41,-1,0.7901750060524
1905,-1,0.78111751304667
1733,-1,0.7443777977542401
1314,0.8923,0.903365730419865
919,0.8945,0.8027196927670099
806,0.7928999999999999,0.79960416306662
1644,-1,0.77648964986171
1465,-1,0.7524087963500801
1300,0.7917,-1
1068,0.7906,0.77655673117711
134,0.4809,-1
848,0.7908,0.80275672167706
2096,-1,0.80526685829787
1907,-1,0.78232074174953
753,0.7916,0.78165114385912
1036,0.7973,0.74939182360305
1782,-1,0.74957505644509
2064,-1,0.82301320475984
1687,-1,0.79724120110522
2107,-1,0.8055403436044399
4,0.4689,-1
1592,-1,0.77488484358837
1845,-1,0.7811162956571001
1448,0.6135999999999999,0.7440653009446601
290,0,0.86239487316747
862,0.7908,-1
1062,0.7984,0.8004808610214
994,0.7827,-1
114,-1,0.60717734888037
1264,0.8795,-1
1169,0.7986,0.82228890849202
358,0.7981,0.910242229559981
902,0.8945,0.69759257476811
1831,-1,0.78915844015278
1505,-1,0.7245105571229999
1168,0.7969999999999999,0.77173274496318
1553,0.7618,-1
406,-1,0.72598203151816
245,0.8982,0.905648744662464
1823,-1,0.74574391922259
1964,-1,0.80740400200612
1895,0.5761000000000001,-1
94,0.5406,-1
1288,0.8974,0.78349750238381
965,0.794,0.88240206967374
266,0.7995,0.900317779431741
1838,-1,0.8007415194163
959,0.7917,-1
1503,0.7704,-1
150,0.8935,0.77703627042033
882,0.8614999999999999,0.7840825171247701
2012,-1,0.83426962412168
1893,-1,0.78163179475776
1787,0.7998000000000001,0.7024663237220601
1979,-1,0.7817769483698
103,-1,0.75612979097309
2004,-1,0.82168816477123
734,0.8684000000000001,0.8107334950209499
684,-1,0.77027720350951
137,0.5671999999999999,-1
362,0.7981,0.938947066643936
220,0.7919,0.86973354406823
1238,0.7883,-1
1372,0.6915,-1
552,-1,0.76213466926171
698,-1,0.79342664597759
371,0.8987,0.906626465190021
1388,-1,0.7370121995775001
1604,-1,0.77672530895643
2055,-1,0.82441165731833
727,0.731,0.83010283664597
1122,0.785,0.81687166165843
1336,0.5529,-1
1822,-1,0.70067368521799
1410,0.7905,-1
408,-1,0.75151600343151
640,-1,0.84634594641251
1097,0.8921,-1
982,0.8899,0.79063345017393
1590,-1,0.77456302706006
1102,0.7894,-1
1519,0.6879,-1
736,0.6293,0.80780043880639
1665,-1,0.86131705799186
985,0.7846,0.77208567399459
812,0.7961,0.7121843174365801
979,0.6293,0.76985759511935
622,0.8987,0.905547463115228
745,0.8919,0.82745722251669
1049,-1,0.6910116954694501
1648,-1,0.80425479861246
2038,-1,0.81496993804263
1000,0.7908999999999999,0.82061100665665
1701,-1,0.79816875894045
1624,-1,0.73908831989351
623,0.8987,0.905547382924368
1720,-1,0.78132180926397
1871,-1,0.7806218996704399
1003,0.791,0.86797580353625
92,0.6334,0.78089570428086
1329,0.7685,-1
107,-1,0.6060515590716
1429,0.7782,-1
350,0.7981,0.922898369173599
1121,0.785,0.83421255515491
173,0.794,0.8144730091414
1987,-1,0.76027380305664
757,0.696,0.80031484996121
2017,0,0.78665059877239
1833,-1,0.79765637325239
1748,0.6135999999999999,-1
85,-1,0.74546228831633
1775,-1,0.70362766290672
1552,-1,0.7903362128118
881,0.7529,-1
1446,0.761,0.76516981997907
1765,-1,0.79372230018932
32,0.5671999999999999,-1
1850,-1,0.78161865244422
805,0.7928999999999999,0.79094666251925
1132,0.491,-1
1084,0.7882,0.7416187223663999
1937,0.7918000000000001,-1
1991,0,0.77787445795236
330,0.7954,0.81524053088269
1291,0.8974,0.908265719896485
949,0.7704,0.74307979500025
606,0.6998,0.88759505025311
1089,0.8892,-1
1645,-1,0.78679222840429
1517,0.7944,0.76370550588315
293,0.6362,0.77207171085111
1177,0.8915,0.78727511803242
1967,0.8829,-1
176,0,0.80441799973261
1452,-1,0.74586006456782
248,0.8987,0.905547554895101
1376,0.7793,-1
1923,-1,0.78162839818135
1351,0.7981,-1
46,0.7068,0.76866526444448
1525,0.44730000000000003,-1
1844,-1,0.77193950477685
2075,-1,0.81931111155189
82,-1,0.65809303860288
210,0.2611,-1
718,-1,0.75122728164078
719,0.8929,0.74010381745442
639,-1,0.82442639913187
987,0.7846,-1
1680,-1,0.79726340732452
1,0.4689,-1
842,0.7917,-1
1926,-1,0.79318153162545
1532,-1,0.76552795733739
1008,0.7973,0.77984826377371
65,0.8923,0.83007058811541
1771,-1,0.79039877370983
168,0.8961,0.78935301645356
1527,0.44730000000000003,-1
1290,0.8974,0.9082614233292869
2023,-1,0.76939803565121
1342,0.724,-1
867,0.7992,-1
1739,0.8958,0.87415631968211
866,0.7908,-1
1345,0.7982,-1
2053,0.792,-1
723,0.8914,0.77291624520965
1727,-1,0.79645565883993
1966,-1,0.7916654658575
1239,0.7577,-1
673,-1,0.7609347514796501
2073,-1,0.82562280482268
1999,-1,0.75397445636687
148,0.7463,-1
1281,0.8948,0.86342598661022
556,0.8873,0.78474788183572
299,0.7859,0.7500120664586301
897,0.8939,0.79988900721725
782,0.7948,0.84336790267226
846,0.7974,0.83309264070847
2090,-1,0.80527436937481
180,0.7704,0.82684497781725
388,-1,0.79285395242088
641,0.7981,0.86706504613851
238,0.8948,-1
1401,-1,0.77394067613018
1824,-1,0.7907647205484
1502,0.7704,-1
1951,0.34209999999999996,-1
123,-1,0.6865907510365
1414,0.8941,-1
1738,0.8958,0.87415550162137
691,-1,0.6754758905795599
1349,0.7981,-1
837,0.7917,0.800426093046
1586,-1,0.77688534689222
683,-1,0.70065527955005
906,0.8948,0.73160531614665
553,-1,0.7673610691231301
310,0.5957,-1
120,-1,0.61491719258901
1914,-1,0.78065912708651
465,0.7905,0.76335952109925
1650,-1,0.7698798968083
1360,0.8981,-1
1161,-1,0.72634350075162
1659,-1,0.7177794509427
1877,-1,0.78232065584971
1128,0.8812,0.81643060332828
1391,-1,0.7338751463720901
1683,-1,0.79816312815933
1719,-1,0.78193886867926
1438,0.771,0.76009114236661
1988,-1,0.77436739154542
1546,-1,0.73130757958216
1261,0,-1
1417,0.8946000000000001,0.7386984804602901
1997,-1,0.7757142594177799
1436,0.7649,0.75512346302143
1848,-1,0.78100856449095
598,0.6254,0.77399240700755
28,0.7988999999999999,0.82553215852202
233,0.8961,0.91430334563652
228,0.8956,0.89723363375649
133,-1,0.75157796579864
749,0.8919,0.8353908583428
1761,-1,0.81441929271043
424,0.7965,-1
729,0.6293,0.84255131330205
830,0.7901,0.8077076079629499
773,0.8965,0.72962613901591
143,0.7947,0.904355044759179
916,0.8943,0.78906105885611
1554,-1,0.78272431696852
1419,0.7968999999999999,0.76283776576277
1011,-1,0.77505337444333
400,-1,0.65816066357838
1664,-1,0.7229660823158199
1560,0.7585999999999999,-1
1536,-1,0.76779157998921
1852,-1,0.78231854581631
1582,0.7974,0.76410770157323
800,0.5671999999999999,-1
1421,-1,0.82676577226342
1827,-1,0.79547904392748
286,0.7988999999999999,0.82030193272229
1357,0.7981,-1
263,0.8961,0.91564962539721
58,0.8743,0.80408833973501
1474,0.759,-1
453,-1,0.7588244600948
1275,0.46099999999999997,-1
1722,-1,0.76202093115415
1584,0,-1
1367,0.7222999999999999,-1
1316,-1,0.78032864141808
1227,0.7947,0.7659133065278
1726,-1,0.76251957672473
1750,0.6135999999999999,-1
447,-1,0.76808866979059
1743,0.6135999999999999,-1
1639,0.879,-1
1676,-1,0.79880513480852
559,-1,0.73098958731571
1891,-1,0.7806675641756
1154,-1,0.61997266379589
278,0.8966,0.940503324206183
1258,0.7992,0.935188485149108
390,0.8883,0.77394057543746
699,-1,0.65740264431664
1622,-1,0.7722845538939
608,0.893,0.954825620697642
102,-1,0.64646703325332
1165,0.7927,-1
626,0.7906,0.88070162904057
444,-1,0.80373133972907
1616,-1,0.7997428376362901
1587,-1,0.78590755239805
1910,-1,0.7806623647473
151,0.7835,0.8069918068145701
1563,0.8974,0.7474356513411999
886,0.7379,-1
251,0.7942,0.83228963987239
570,0.7697,0.75645390191463
583,0.7908,-1
1293,0.8974,0.916231821470209
783,0.7948,0.84336697578719
1985,-1,0.7085005668791999
1111,0.8691,-1
834,0.7908,0.8213982471797
1075,0.6863,0.78312550241518
181,0.7911,-1
1759,0.6135999999999999,-1
1768,-1,0.6762889290195799
1052,0.8812,-1
1056,0.7772,0.8440652034257
1255,0.8704000000000001,-1
726,0.6293,0.8165176328657799
970,0.8931,0.79926577618773
1805,-1,0.77958506386358
187,0.7941,0.929723079741986
710,-1,0.7061059311589599
301,0.7848999999999999,0.7574642804172
61,0.8873,0.77922020101896
586,0.7917,-1
489,0.7735,0.8023023770577999
1942,0.7968,0.77606256172629
796,0.7906,0.8734205520903899
1266,0.7827,-1
1774,-1,0.76473734440509
1278,0.8981,0.903581129684081
2072,-1,0.82506224210258
750,0.8919,0.80810649823123
1535,-1,0.7617601721624601
915,0.8935,0.74239440592231
1690,-1,0.79761135302577
1106,-1,0.7446971403042
1259,0.7878000000000001,-1
19,0.8842,-1
1561,0.7585999999999999,-1
323,0.5761000000000001,-1
1477,0.7641,-1
1328,0.7922,-1
1566,0.6996,0.8540551703263299
1083,0.6908000000000001,0.74747306529721
284,0.7988999999999999,0.82587471512455
268,0.8995,0.89735396460497
1654,-1,0.7305349124431
1073,0.7983,0.76555620190692
1837,-1,0.80040711527207
303,0.7886,-1
2062,-1,0.82040939794061
2093,-1,0.8052503153309201
346,0.7987,0.89581328151423
1858,-1,0.78231902205894
814,0.731,0.82113373846579
18,0.7987,0.916496036762869
2105,-1,0.78219048806644
1179,0,-1
398,-1,0.64409615906788
1368,0.7901,0.80746997036207
1487,0.7858,-1
1995,-1,0.80955608909622
584,-1,0.80475026133872
1134,0.6998,0.81127443760636
963,-1,0.77553847862895
1807,-1,0.75661272366615
379,0.8987,0.89393803059172
1958,0.7585,-1
1781,-1,0.7599340888766
316,0.8911,0.73291624436639
1698,-1,0.79726173468495
365,0.7981,0.926667939240332
537,-1,0.73838959774482
1600,-1,0.77582147273153
1666,-1,0.78377385498267
1035,0.7973,0.73590881289635
746,0.7836,-1
893,0.7606999999999999,-1
335,0.6974,-1
1442,0.6019,0.76399099227833
1080,0.4911,-1
1767,-1,0.7178265071880501
877,0.7678,0.75060006215827
819,0.8684000000000001,0.82447580479999
212,0.7704,0.89311664645786
1642,0.879,-1
53,-1,0.80737163907636
981,0.8899,0.80034639103664
1100,-1,0.73543547886769
2101,-1,0.80677462576784
1501,0.7704,-1
417,-1,0.77910463743112
1303,0.7918000000000001,-1
1512,0.7704,-1
768,0.7997,0.80754595244168
924,-1,0.8371941362221
1358,0.8981,-1
1136,0.6993,-1
332,-1,0.83437348458962
618,-1,0.710234175665
550,-1,0.72372285273685
1426,0.7864,0.75192358215432
595,-1,0.78613576687384
1794,-1,0.7927701207004401
611,0.7987,0.903813322119715
30,0.8961,0.86827106533621
1488,0.7408,-1
51,-1,0.7478810615975799
457,-1,0.7489789517048799
255,0.8923,0.89706458369772
1199,-1,0.80029704492679
845,0.7907,-1
864,0.7961,0.78130629872711
130,0.6506000000000001,0.78340023365964
1479,0.3993,-1
1873,-1,0.78066538486778
407,-1,0.72289526361224
182,0.4727,-1
920,0.8933,0.904585125707445
341,0.7981,0.905939134418698
661,0.7981,0.918776033367166
536,-1,0.70455100363569
88,-1,0.7236355552134099
663,-1,0.67859620003802
1840,-1,0.7725357007343701
289,0.7965,0.925154549902078
1213,-1,0.7962452662137001
1770,-1,0.78937377585201
847,0.7974,0.83238795100646
1594,-1,0.77528705673807
1647,-1,0.80139478913407
1178,0.7307,-1
260,0.8936999999999999,0.915246110070027
1094,0.7884,0.80653023697494
1069,0.8919,0.77694714999125
1373,0.7704,-1
1911,-1,0.78162694713583
1116,0.731,0.78893178548011
1935,0.7969999999999999,0.75810222548171
280,0.7906,0.86012479818977
205,0.6998,0.88694015317961
951,0.7961,0.74309013239708
989,0.785,0.83441970789623
1365,0.7981,0.923264867860603
1430,0.7883,0.76685374110184
801,0.0010999999999999899,-1
1292,0.8974,0.916228159321905
466,-1,0.6939201236343899
1808,-1,0.75000895420013
318,0.7923,0.75253427124244
90,-1,0.77939084880305
1786,0.7998000000000001,0.8416285029563599
1309,0.7922,0.84800955709203
603,0,0.81038922695056
912,0.8949,0.71458968154687
1969,-1,0.73476422445364
1732,-1,0.75897847520673
1551,-1,0.78541129019277
1219,0.7655000000000001,-1
167,0.7704,0.82354956323162
1107,-1,0.7675297658834099
1791,0.6102000000000001,-1
751,0.7916,0.81131143173104
2036,0.5661,-1
1067,0.7945,0.7341192059962001
242,0.8941,0.906979246482475
1141,0.7923,-1
1183,0.7655000000000001,-1
572,-1,0.78344734202492
697,-1,0.77855684806911
1996,0.7778,0.77152777879899
1661,-1,0.81302665917105
1193,0.7965,0.77563296487291
363,0.7981,0.8747163437655
162,0.7961,0.7486798911957
797,0.7655000000000001,0.77349897205438
376,0.9989,0.946935240283871
1226,-1,0.7569025905412
1591,-1,0.7850151759527599
33,-1,0.83514087336378
1013,-1,0.76018418724206
2013,-1,0.8244111512114
155,0.8883,0.75550311378645
1093,0.7884,-1
549,-1,0.74170759754228
142,0.8987,0.951191398714468
1434,0.7693,-1
2024,-1,0.8230129901198
1777,-1,0.7122143292874801
1142,-1,0.77846228252894
695,-1,0.69050615827585
579,-1,0.79015652581883
442,-1,0.73356047730908
1756,0.6135999999999999,-1
857,-1,0.7660168822561
158,0.7913,0.76021036961568
676,-1,0.79100562115716
721,0.7917,0.77534308508474
394,-1,0.76228213671706
538,-1,0.7760556988203999
1972,0.7943,0.82256325874949
868,0.7988,0.82466895691405
67,0.7914,0.88420415202034
887,0.7815,0.76918665906449
207,0.6995,0.9121983263553131
315,0.8911,0.76504104610319
829,0.7911,-1
354,0.7987,0.904329210084905
722,0.8914,0.76083263299708
1693,-1,0.79724626556575
1826,-1,0.7952429366183
1319,0.8941,0.943826864240259
1652,-1,0.81228829421966
1817,-1,0.7379863201492101
1287,0.8974,0.910571802909675
1734,-1,0.8114407349663
193,0.6812,0.74978811353538
1334,0.6901999999999999,-1
1021,-1,0.7917913490982
221,0.7868999999999999,0.922014321343436
792,0.8941,0.7475514393399301
1618,-1,0.77568919538525
1715,-1,0.78146177425802
1113,0.731,0.78597793205081
1298,-1,0.75893920086601
852,-1,0.7861666539546
1380,0.7281,-1
69,0.8936999999999999,0.86227341030865
1886,-1,0.7823296802288799
1123,0.785,0.82646136042504
357,0.7981,-1
824,0.7917,-1
1033,0.7973,-1
1836,-1,0.79430956327406
1572,0.581,-1
1006,0.6998,-1
252,0.7939,0.8699631962116801
993,0.8842,-1
1921,-1,0.7806672298089901
704,-1,0.66207689741105
9,0.4689,-1
297,0.7824,0.75381253441513
1276,0.7605,-1
139,0.7619,-1
1776,0.7885,0.80314292670044
766,0.8936,0.7675077040224
351,0.7981,0.89710722767819
188,0.8963,0.80040620291274
1646,-1,0.81612062576506
809,0.8,0.83470304213795
493,-1,0.66919961406939
1498,0,-1
1081,0.5671999999999999,-1
1541,-1,0.77639460974414
1347,0,-1
717,0.6995,0.7524279730009
333,0.7641,-1
1268,-1,0.75654388659891
2091,-1,0.80525600979581
1749,0.6135999999999999,-1
674,-1,0.74945626761797
163,0.8919,0.79858258403397
1321,0.8923,0.907760393691792
1681,-1,0.79723306624915
1224,-1,0.82027853231586
1251,-1,0.74173324846775
2029,-1,0.82040107884152
1489,0.7408,-1
389,-1,0.74612092979942
1784,-1,0.79347210931811
2077,-1,0.83548226781656
1933,-1,0.77378895727433
105,-1,0.67372466273917
2065,-1,0.81421161263557
1096,0.8921,0.75582352831259
1500,0.7704,-1
86,-1,0.71217408877287
614,-1,0.75208779907369
730,0.6293,0.83777032768028
950,0.8961,0.74066921001183
434,0.795,0.8936556622198399
454,0.7879,0.7699655992721
1318,-1,0.80098740342213
1518,0.8935,0.90714870497748
5,0.4689,-1
934,-1,0.8371831687254501
1114,0.731,0.78633175543296
1789,0.7998000000000001,0.84933384640737
896,0.8914,0.81001021411392
1970,-1,0.73485721945944
1533,-1,0.81903003421917
1150,-1,0.6511089973080499
273,0.7995,0.85843269805259
170,0.7961,0.77021785832697
2002,-1,0.84648824166448
591,-1,0.76477915211943
735,0.6293,0.80299332850379
888,0.8814,-1
997,0.6898,0.82986580576922
1235,0.7908999999999999,-1
1945,0.6996,0.72379113317347
1917,-1,0.78232962728566
204,0.7917,0.82457717371751
762,0.7915,-1
275,0.7936,0.951452341701195
100,0.786,0.64644383959701
1983,-1,0.83893855502057
319,0.7919,0.7315503202504701
209,0.6996,0.8760362875385
1631,0.879,-1
596,0.7684,0.78955867257255
112,-1,0.61496194051197
171,0.7704,0.77198416725622
359,0.7981,0.909849014225417
1079,0.798,0.81651854299886
326,0.5840000000000001,-1
1867,-1,0.78064864086097
925,-1,0.83719307359961
1120,0.731,0.78893368527546
1074,0.6247,-1
1992,0,0.7570528135015699
955,0.791,0.76370575438707
1628,0.8911,0.73664280451084
1148,-1,0.6447497348078299
244,0.8935,0.918107608585226
461,-1,0.77857561539175
1484,0.7965,0.84937718556785
821,0.7626,0.76057706668881
1201,0.7932,-1
1359,0.7981,-1
87,-1,0.6845656655500301
1206,0.781,0.78095615646745
1394,0.8704000000000001,-1
1925,-1,0.78163280828287
382,0.8613999999999999,-1
767,0.8941,0.7973798563030701
1167,0.6933,0.83652440212047
1041,0.7973,0.70524460984397
547,-1,0.77093409698142
42,-1,0.78823004967574
281,0.7965,0.8684165619621
21,0.8842,-1
1948,0.7931,0.71083943066315
1086,0.6858,-1
921,0.8934,0.82563930000979
177,0.7961,0.82206291552073
874,0.7655000000000001,-1
343,0.8981,0.935370443980955
1228,0.5931,0.79249043614043
941,0.8936,0.75811670208155
1737,-1,0.82070993881675
1763,-1,0.76381595615608
1015,0.7973,0.76864429959453
1943,0.7933,0.74209520451995
1531,-1,0.78457814210286
1263,0.7901,-1
853,-1,0.78867697697611
135,0.7981,0.9102384841718401
222,0.7937,0.9118393409248919
1307,0.8934,0.8700063733907499
1961,-1,0.80689840179927
1203,0.8914,0.80408108059632
1545,-1,0.77627470920568
1880,-1,0.7806574369128401
2102,-1,0.77585842121619
653,0.8868,0.8145794579412899
1928,0.795,-1
141,0.7917,0.79780724359414
542,-1,0.80440436589052
166,0.8908,-1
600,-1,0.77270364855931
160,0.8933,0.76691547852298
1392,0.7948,0.87683797586212
1009,0.7973,0.7772477333757399
1294,0.8974,0.916228663103458
1780,-1,0.76363400205402
1164,0.7984,-1
276,0.7963,0.927093330916921
1355,-1,0.72973809575311
1223,0,0.8149211394777001
1020,0.08860000000000001,-1
76,0.8763,0.81468442165255
610,0.893,0.954825440711674
77,-1,0.83897708143563
795,0.8935,0.86837219183204
908,0.8944,0.74197492202518
1614,-1,0.78642855626742
1437,-1,0.73562383204411
3,0.4689,-1
1758,0.6135999999999999,-1
1597,-1,0.7858162137401
660,-1,0.6807335235366301
999,-1,0.65060904812416
1974,0.6962999999999999,0.7572396286391601
1724,-1,0.76368094078823
271,0.8979,0.929075117571728
2076,-1,0.82435138699342
564,0.8704000000000001,-1
624,0.7906,0.88078795132273
1330,0.726,0.75052057534098
420,0.7965,0.88174337157097
116,-1,0.61434942934004
1981,-1,0.7092527485268401
769,0.7931,0.74542810860134
1839,-1,0.77133523388069
1175,0.3992,0.7619043521315
1762,-1,0.83590729586341
1192,0.7962,-1
1004,0.6998,-1
892,0.6152,-1
366,0.7981,0.88638278449742
2103,-1,0.78219030559403
1892,-1,0.78163271360262
429,0.893,0.923950301643198
1109,0.7908999999999999,0.78121458483475
1348,0.7982,-1
2106,-1,0.80553945103637
311,0.6362,0.76201134125576
227,0.8936,-1
716,0.7915,0.78937323558248
958,0.7917,-1
213,0.787,0.89719961936519
2031,0.7908,-1
1863,-1,0.78112153863251
907,0.8949,0.75582348002107
1280,0.7944,0.89145045007567
1025,0.7973,0.79254521513415
1395,0.7637,-1
127,0.6987,0.907930889280428
1397,-1,0.69210604446573
1087,0.6908000000000001,-1
1400,-1,0.6696745161951401
225,0.789,-1
1200,0,0.82834584015335
1218,0.7637,-1
1053,0.8812,-1
291,0.7956,0.78093870231576
396,-1,0.75092938607199
1620,-1,0.77593397000773
1986,-1,0.68862686134227
383,0.6254,0.75093153330751
372,0.8988,0.974343017136323
353,0.7981,0.910558410944406
788,0.30110000000000003,-1
938,-1,0.8604155246889
1143,-1,0.69270151668795
1603,-1,0.7865852936318201
1221,0.5884,-1
926,-1,0.83719782425927
1118,0.731,-1
1599,-1,0.78604874791302
2070,-1,0.82626907622917
446,-1,0.7418856919461401
349,0.7981,0.915706037836433
1037,0.7973,0.7504865367553
1320,0.8923,0.907761183317083
574,-1,0.7559979528996
17,0.7987,0.911429661900959
1088,0.8896,0.77922819239019
1323,-1,0.7274788515624999
327,0,0.5550624422899799
6,0.4689,-1
423,0.7965,0.8679391422671701
1605,-1,0.78692620020214
1382,0.7981,0.87078517376904
940,0.8914,0.8595342862147
1492,0,-1
1194,0.7965,0.7733489491202
1499,0.8704000000000001,-1
953,0.7905,0.80863748311073
1953,-1,0.77951814589334
57,0.7905,0.7639109709952701
1147,-1,0.62735664968268
1674,-1,0.79726862120197
1543,-1,0.79863620862008
1725,-1,0.76305640526687
605,0.6996,0.80668893700691
23,0.8961,0.86827063380045
1576,0.7974,0.7826679253198
1651,-1,0.74139654037667
1482,0.7955,-1
146,0.7329,-1
2009,-1,0.81299385708854
1898,-1,0.79248670649807
1565,-1,0.7460853850510301
843,0.7917,-1
804,0.7868999999999999,0.8079060603981301
74,-1,0.7426778872149
1005,0.6998,-1
585,0.7917,-1
613,0.7933,0.904671389650153
1378,0,-1
279,0.8919,0.88333527624069
305,0.7923,0.70719977343632
232,0.8961,0.905214378304855
183,-1,0.82169299970885
2894,0.5406,-1
871,0.893,-1
235,0.8961,0.8160565424699799
936,-1,0.83720044567193
440,-1,0.73130671667991
1042,0.7973,0.75409744975656
654,0.7961,0.78774124173993
2042,0.7731,-1
338,0.5928,0.77083029269158
322,0,0.8952476414501
1869,-1,0.78112446171854
1494,0.7911,0.79042354743953
1506,-1,0.73976212619285
1707,-1,0.79816647674053
781,0.7948,0.84395731932093
1810,-1,0.74732613820726
1092,0.7908,-1
1941,0.7921,0.76600214504283
1333,0.7505999999999999,0.75040262939382
922,-1,0.83719025860418
1555,0.796,0.7699481854925
203,0.7905,0.80851122368689
713,0.8935,0.901322033256187
1361,0.8981,-1
573,-1,0.79938562330027
1538,-1,0.72241527495027
1232,0.688,0.7646547372044
387,0,0.74914811330379
1556,-1,0.71539522615814
302,0.7893,0.76064032424076
1071,0.4385,-1
1363,0.7981,-1
1902,-1,0.78100394352933
1305,0.7918000000000001,0.8590119387374799
1952,-1,0.80073790453502
1139,0.8812,0.7842959696194001
903,0.8945,0.76315437669566
859,-1,0.77206450693285
1090,0.7908,-1
1441,0.6019,-1
1066,0.7528,-1
1919,-1,0.78101505194396
1262,0.7916,0.89609248655184
1675,-1,0.7972439078628
288,0,0.8674183610207
1788,0.7998000000000001,0.7005555783117601
1559,0.7585999999999999,-1
1625,-1,0.80720015957931
1692,-1,0.7972690288511299
1341,0.724,-1
165,-1,0.77791188491852
218,0.8919,0.927923888060282
2074,-1,0.8142150205341
2008,-1,0.81918402723605
576,0.621,-1
739,0.8919,0.79181582384517
933,-1,0.83719825912671
175,0,0.8093547371041501
1078,0.6863,0.81738391159941
1050,0.8925,0.8073769767869801
575,0.611,-1
1273,0.751,-1
1439,0.6293,0.7464536149527801
313,0.6293,0.74797219939096
1374,0.7913,-1
632,0.8943,0.78568010687437
1156,-1,0.63766795696956
1915,-1,0.78112942435995
1828,-1,0.7954772296495201
124,0,0.76764424053656
296,0.8895,0.7697586457108501
870,0.796,-1
1825,-1,0.82585558665254
270,0.8979,0.92305666223485
1783,0.7998000000000001,0.84097341043534
1420,0.7968999999999999,-1
1077,0.6863,0.81739639668196
629,-1,0.72737671686251
277,0.7953,0.938993314143227
1389,-1,0.7303506045799599
1930,-1,0.7298478845423799
1211,0.7905,-1
1189,0.7915,0.80168932759223
1909,-1,0.78100666079405
2057,-1,0.8242940851298199
230,0.8949,0.911040607498501
98,0.8704000000000001,0.74053034403414
194,0.6898,0.79447152066465
1830,-1,0.83898291306268
1026,0.7973,0.77019846496323
458,-1,0.7594202161852099
145,0.6135999999999999,0.75894006152925
911,0.8945,0.74808147600607
342,0.8981,0.922986243418989
298,0.7806,0.77343473165694
1157,-1,0.84535935296823
1198,-1,0.78706519199059
1315,0.8923,0.89911473742234
1390,-1,0.78328178325711
1716,-1,0.78098918360087
1539,-1,0.811733191908
1889,-1,0.78101604044634
52,0.7684,0.74109768753601
262,0.8941,0.917470964275851
1405,-1,0.76966914542236
778,0.7965,0.76947898248013
880,0.758,0.8155150986883299
2058,-1,0.79656786984494
307,0.615,0.73902091698628
1237,0.8724000000000001,-1
2037,0.7110000000000001,-1
172,-1,0.80805574211276
463,-1,0.75632857158581
793,-1,0.74264008595721
1370,0.7704,-1
1260,-1,0.71876657697697
815,0.6915,0.81614451871783
973,0.8931,0.71565587080712
418,-1,0.64248286679198
153,0.7899,-1
879,0.7557,0.80931765210971
1205,0.7585999999999999,-1
1522,0.44730000000000003,-1
1509,0,-1
1613,-1,0.77608865014688
1112,0.731,0.78632954056692
748,0.8919,0.81797404825885
1267,0.7827,-1
858,-1,0.76650251669122
1913,-1,0.7816252341255601
1091,0.8896,-1
285,0.7988999999999999,0.8255361526233
1153,-1,0.7550349649227099
1423,0.6927,-1
1332,0.7307,0.7433634909432
1649,-1,0.8051372426976
1859,-1,0.78061466342919
1310,0.8923,0.906914978280739
715,0.8943,0.77335078684874
1829,-1,0.79592924522214
1846,-1,0.78232046506426
416,-1,0.79326520313567
885,0.8815,0.80907877859615
1140,0.8812,0.81554643291647
604,-1,0.79698558627905
2069,-1,0.82562075165732
878,0.7678,0.7613060417519399
438,0.7952,0.88763550527031
421,0.7965,0.86699420741786
428,0.7965,0.84502760900483
243,0.8941,0.903831487014835
709,-1,0.75372743921062
1455,0.891,0.74494510719675
460,-1,0.7655722240394001
38,0.8943,0.77336339037097
2080,-1,0.82504843033722
706,-1,0.72251266716349
1611,-1,0.78798431490023
282,0.7933,0.87276408593907
1934,0.7969999999999999,0.7799068674371
340,0.7981,-1
1110,0.8691,-1
449,-1,0.73873188492245
75,-1,0.76791415092868
1464,0.8881,0.7418000792081
439,0.6995,0.84633224794746
760,0.7772,0.82413998302617
1699,-1,0.79724253713665
913,0.8936,0.7935168521463
811,0.7979,0.79618191254837
1028,0.7973,0.79988544055616
1119,0.731,-1
1054,0.8812,-1
918,0.8936,0.77545145577928
1700,-1,0.79880668744395
179,0.8935,0.82097792883208
79,-1,0.76105654151204
1790,0.7668,-1
1883,-1,0.78162671595851
1577,0.7974,0.84401110413741
1435,0.7215,-1
910,0.8945,0.75771889575615
1007,0.7973,0.77895926192627
164,0.7888999999999999,0.80638001893384
761,0.7988999999999999,0.81107690664104
1393,0.7704,-1
1940,0.7954,0.79112416961162
839,0.7917,0.79200573059228
1462,0.8881,-1
1031,-1,0.72903648282411
287,0.7965,0.8746144565967799
638,0.8936999999999999,0.910963100785762
2033,-1,0.8328389912218099
1881,-1,0.78162600773988
1184,-1,0.77513223092187
1366,0.8981,0.88912211010846
943,0.7961,0.74066023246083
1105,-1,0.80856214942561
1579,0.7974,0.72486472187219
422,0.7965,0.86228652357789
1451,0.8881,0.73596142292251
1483,0.8961,0.8200448792067
1272,-1,0.78554019120721
1468,0.7914,0.7433515378349
1573,0.7974,0.76928995095708
1152,-1,0.74928046606829
961,0.8943,0.76083019453523
445,-1,0.74438466372441
947,0.8907,0.7585949237931899
1019,0.7973,-1
1473,0.7503,-1
84,-1,0.73654639850705
200,0.76,0.81003738099708
774,0.796,0.7952227328045001
2019,-1,0.80528351274871
1731,-1,0.78103407185355
2032,-1,0.84441276841739
1998,-1,0.78136625615818
1589,-1,0.7756021248988
2081,-1,0.82505700004007
149,0.7888999999999999,0.80722475850803
1976,-1,0.74497895219943
292,0.7914,0.88043763722257
1038,0.7973,0.75102375232592
433,0.7985,0.88379311675535
425,0.7965,0.88485142183021
1170,0,-1
634,-1,0.77173350529267
1772,-1,0.84234918030207
1678,-1,0.79760906021853
744,0.8919,0.88672133792049
1793,-1,0.78562813026566
1534,-1,0.7315795938032801
1755,0.6135999999999999,-1
740,0.8883,0.76431587798509
1325,0.7887,0.75814757019934
1103,0.7827,-1
1900,-1,0.78232604483554
1922,-1,0.7816306205433801
890,0.7815,0.7922001205086
1855,-1,0.78065800415049
136,0.7952,0.75598657489009
1516,0.776,-1
1241,0.7381,-1
66,0.7918000000000001,0.84152241057303
658,0.7958000000000001,0.742504428842
1950,-1,0.85770997345283
960,0.8704000000000001,-1
344,0.7981,0.90864818028695
901,0.8945,0.7474984805248099
1882,-1,0.7816247337565401
679,-1,0.76281127262007
411,0.8811,0.78121029068664
347,0.7981,0.86826160882801
60,-1,0.80737594767069
991,0.7846,-1
1230,0,-1
1990,0,0.77902330676924
381,-1,0.75504214022032
1048,0.7085,-1
450,-1,0.7004370481522499
1447,0.771,-1
70,0.771,0.60871423061603
1740,0.8958,0.87415561662382
1773,-1,0.7041807554242601
1024,0.7973,0.7719375380514399
36,-1,0.82296746406048
1340,0.5529,-1
59,0.879,0.7486018123048099
1433,0.7911,0.7569188140618
831,0.7901,-1
1095,0.8921,-1
1285,0.8917,0.77913741756238
1677,-1,0.79817120574227
2035,0.6404000000000001,-1
1511,0.6624,-1
452,-1,0.6534098719367201
850,0.7917,-1
