Id,geacron_similarity,concept_similarity
214,0.9974,0.81109584112559
1032,0.8972,-1
972,0.9986,0.84202031378328
529,-1,0.81489250266464
688,0.8611,-1
708,-1,0.77046713062789
617,-1,0.68697806764239
1149,-1,0.70998728770244
1626,0.9985,0.75962805095631
1371,0.8759,-1
1947,0.8986,-1
360,0.8964,0.82460416806543
2010,-1,0.82903173186067
759,0.7971,0.82372935531235
2026,-1,0.79859841341653
1085,0.7913,0.89454832889092
156,0.9986,0.86858284334137
687,0.8611,-1
929,-1,0.8132843921905499
828,0.8966,-1
1233,0.7938000000000001,0.86160267557173
569,0.8477,-1
648,0,0.80851731601406
1240,0.7337,-1
2067,-1,0.82749465558818
436,0.9977,0.75365230101768
128,-1,0.76368680575734
1127,0.9867,0.927631167949901
711,0.9987,0.87331025869458
1717,-1,0.86707501778164
816,0.7927,0.89051254192873
419,-1,0.78817878973365
392,-1,0.82296459921141
1301,0.8343,-1
1741,0.7191000000000001,-1
1377,0,-1
1888,-1,0.84752457261443
975,0.9884,-1
701,-1,0.71185315045494
1236,0.8953,-1
391,-1,0.7021104297069001
1159,-1,0.81295998552683
44,0.9906,0.81929934487996
1785,0.8947,0.75463633178902
1063,0.8961,0.7888031323099101
1606,-1,0.81553462519131
1018,0.8972,-1
580,-1,0.78282108742615
1640,0.9845,-1
678,-1,0.76789501284493
413,-1,0.85404721378423
1636,0.9845,-1
161,0.9991,0.87717567002428
992,0.9897,-1
294,0.8674,0.82235485297629
1034,0.8972,0.75362683767855
540,-1,0.85692890153145
1656,-1,0.78879973129683
1583,0.6595,-1
184,0.8987,0.79267235935214
952,0.8759,0.7912542194080601
905,0.9997,0.89633045371644
54,0.894,0.85209577664891
1104,0.8882,-1
1857,-1,0.84594866466296
1296,0.9971,0.76759019455619
253,0.7357,-1
1155,-1,0.6941352627463699
1528,0.5744,-1
615,-1,0.72154321438829
1968,-1,0.76982136144404
443,-1,0.86305432406377
1313,0.9978,0.77926809588293
1137,0.8938,-1
1398,0,-1
1520,-1,0.74233249264935
264,0.9977,0.8019851049546
810,0.8966,0.78097174167308
1208,0.7904,0.77980909755556
1023,0.8972,0.85978061637348
1718,-1,0.86613083825451
464,0.8815999999999999,0.8093314706929899
1963,-1,0.82484139879245
1418,0.8976,0.84085900997341
405,-1,0.8161208034016
1971,-1,0.7718834638948899
2066,-1,0.8302384664332
345,0.8964,0.8072528911593699
1621,0.9966,0.80344148246781
1612,0.9979,0.84311938197212
1187,0.6895,-1
1504,-1,0.7745978121141099
1841,-1,0.88163315448069
1695,-1,0.87806273748342
1580,0.8971,0.7860517525641599
1843,-1,0.88120597517265
855,-1,0.82257876188413
803,0.8275,-1
239,0.999,0.73622751304283
1669,-1,0.77096106808088
1166,0.8978,0.87642878387704
97,0.9928,0.78802717212535
675,0.896,0.81668271937576
1735,-1,0.82529611429292
431,0.9988,0.81414244655026
1853,-1,0.84751997721946
942,0.9867,-1
1460,0.9936,0.8418471457316
1864,-1,0.84644349306782
157,0.999,0.85984865382048
599,0.6982999999999999,0.925535742485604
873,0.9984,0.81029475994887
256,0.9985,0.80128845339597
1312,0.8978,0.77833554641864
702,-1,0.68568889937573
108,-1,0.6474267445834401
219,0.9974,0.78926327448512
1870,-1,0.84644636818075
1567,0.8945,0.80225105329051
1989,0.9995,0.86998919078075
47,-1,0.83630832539781
558,0.9974,0.917277689430253
1180,0,-1
743,0.9974,0.8126904268688799
1521,0.5528,-1
118,-1,0.7008870219812999
375,0.8988,0.77528893182812
1117,0.8365,-1
22,0.9971,0.80503795790143
1338,0,-1
2016,-1,0.83521589240958
258,0.8976999999999999,0.76601256718672
728,0.7348,0.80797401476548
1803,-1,0.73621399839151
577,0.8972,0.87119312157561
1874,-1,0.8476773088555
1816,-1,0.8449262436052201
1542,-1,0.82034987652262
835,0.8963,0.78805073647345
55,0.8759,0.8699859393704
1043,0.8972,0.83543273184344
565,-1,0.82681455500985
1581,0.8971,0.83464052902457
2063,-1,0.83152820324671
1362,0.8964,-1
352,0.8964,0.79893770236245
1704,-1,0.87740077974674
1557,0.8713,-1
1172,0.7946,-1
2006,-1,0.8299925933551799
1461,0.9936,-1
865,-1,0.81554959807612
690,0.8611,-1
703,0.8956,0.75195773803211
361,0.8964,-1
1202,0.8958,0.89350269378632
1369,0.6465000000000001,-1
435,0.8983,0.7678126824857701
339,0.8964,0.76168848650247
1862,-1,0.84767509050406
1982,-1,0.80021547241919
1126,0.8979,0.80820476808082
1076,0.7918000000000001,0.77974509843758
14,0.6028,-1
119,-1,0.6336641263055101
154,0.8966,0.8583895874794201
646,0,0.80851921669915
642,0,0.80854318576603
681,-1,0.85996054550478
1138,0.8978,-1
889,-1,0.78333557374817
655,-1,0.82075723066033
1884,-1,0.84692734488554
1082,0.6987,0.85059340507992
208,0.8943,-1
96,-1,0.8467944394394
325,0.896,0.79813083376793
1993,-1,0.82617464771198
1146,-1,0.8248235447047501
329,0.8989,0.78849863960787
1747,0.7191000000000001,-1
927,-1,0.81328827315494
1662,-1,0.85896429364797
1670,-1,0.80741871872228
680,-1,0.77640442947154
2028,-1,0.8312183862300699
1396,-1,0.84069275279599
1297,-1,0.81187487879015
849,0.8963,-1
456,-1,0.8379224822224001
386,0.8958,0.79608195265883
415,0.8983,0.84821932707915
1185,-1,0.8072262789021201
1058,0.8827,-1
300,0.8861,0.8400022794216699
2078,-1,0.8369340210696
197,0.9974,0.8180216013896899
1619,-1,0.83463856142057
1324,0.8942,-1
1728,-1,0.81935477362821
1802,-1,0.8049041235700201
539,-1,0.80484927889874
1002,0.8948,-1
1610,-1,0.81905702859924
1530,0.894,0.84484500049274
1868,-1,0.84767444088135
833,0.17659999999999998,-1
1060,0.8961,0.79086172842017
1801,-1,0.86290562731519
1932,-1,0.79011276530461
472,-1,0.80381315488755
1450,0.9936,0.7980288347991
1856,-1,0.8476747562904701
249,0.9997,0.76098143540401
1742,0.7191000000000001,-1
1745,0.7191000000000001,-1
587,-1,0.80497838818685
1030,0.8972,0.84921077144739
78,0.9899,0.71985941077203
1766,-1,0.81066120215835
977,0.9963,0.78083660795539
1269,0.8882,-1
126,-1,0.76208538568588
169,0.8941,0.86895258149128
1160,-1,0.75411105840025
39,0.9974,0.929622612501984
1746,0.7191000000000001,-1
1191,0.898,0.79384685245263
265,0.9992,0.7799158259668
785,-1,0.79159519609968
582,0.8642,-1
1653,-1,0.78053445143598
856,-1,0.8308409941685699
1046,0.896,0.78218955526081
772,0.6647000000000001,0.7539890755955
597,-1,0.89014364535196
1959,0.864,-1
1595,-1,0.81813779341878
1480,0.8765000000000001,-1
2094,-1,0.928504386570936
89,-1,0.8332236267884701
1459,0.9936,-1
1809,-1,0.74273957918793
385,-1,0.87735598898356
402,-1,0.86686053334019
1908,-1,0.84752262324269
534,-1,0.86430006056758
1496,0,-1
1131,0.998,-1
1481,0.8315,-1
206,0.8943,0.81475949039996
2030,-1,0.83100680513909
1890,-1,0.8469315212008
1016,0.8972,0.81553751030353
201,0.9974,0.81951922614117
791,0.9996,0.87364303380179
455,-1,0.83041590436256
459,-1,0.83533121291248
620,-1,0.7436115117111399
555,-1,0.6928964373427899
1399,0.8988,0.85169750520245
43,-1,0.85479395899556
35,-1,0.8180245944089399
1861,-1,0.84692936583251
1593,-1,0.81805439492423
737,0.7348,0.74808876846499
832,0.8956,0.79076743686373
1804,-1,0.70313729528741
1133,0.8945,-1
932,-1,0.81326578553991
1598,-1,0.83814465571537
980,0.9954,0.935211373340184
1657,-1,0.8202588976287299
432,0.9988,0.75312914587724
1672,-1,0.78618404171111
1550,-1,0.78311188919264
1057,0.8827,0.77388525552598
62,0.9974,0.908882848797317
990,0.8905,0.87913672505491
451,-1,0.79067549196515
995,0.8882,-1
1364,0.8964,-1
2092,-1,0.9285079242087599
789,0.9996,0.85109848968171
1792,-1,0.81931533886324
1493,0.987,-1
71,-1,0.85120061969823
328,0.8992,0.79566197466069
931,-1,0.81327917142963
1432,0.887,-1
2025,-1,0.8109069252769
986,0.8901,0.83677439746786
410,-1,0.79815311462575
1685,-1,0.8765240869588
798,0.8762,-1
794,-1,0.89441266040725
1903,-1,0.84693269007421
1811,-1,0.77049226808603
1454,0.8916,0.82772602426133
25,0.9978,0.72876562121367
1055,0.8947,-1
738,0.7348,0.79134233306394
1181,0.8944,0.8079852406517101
1944,0.8941,0.84634563358531
2005,-1,0.83031729495579
2000,-1,0.7609223465056
650,0.7417,0.82709606563302
259,0.9992,0.7792719548473099
261,0.8983,0.7957162818468699
1723,-1,0.83854133915277
1308,0.8976999999999999,0.73158191689989
1145,-1,0.84974815335953
8,0.5744,-1
1842,-1,0.88189699036206
2021,0.872,-1
1673,-1,0.87652200702089
1413,-1,0.74053643898422
283,0.8967,-1
1514,0.7953,0.78779474023043
1061,0.8961,0.52702817389975
1124,0.9921,-1
1962,-1,0.7724828465910301
619,-1,0.7888957368616
967,0.8995,0.80804800166248
1927,-1,0.83903944966693
588,-1,0.81679096003192
820,0.9739,0.79835408318053
551,-1,0.8112206737827
1835,-1,0.89877902956054
1627,0.9966,0.8041692184189699
1197,0.898,0.7370119634853001
1757,0.7191000000000001,-1
129,-1,0.6959823999671599
1231,0,-1
1629,0.8964,-1
1949,0.8986,-1
267,0.894,0.76693184270674
2040,-1,0.80771053192193
368,0.8964,0.80869246240442
1960,-1,0.8943921903816
56,0.8599,0.85861538491266
2011,-1,0.82631267683208
1289,0.9971,0.79845554358503
1424,0,-1
1171,-1,0.70951768392989
395,0.8971,0.919204327503477
787,-1,0.73462799503997
2099,-1,0.928503404933358
1562,0.8641,-1
1306,0.8973,0.74374543475332
923,-1,0.81325861150566
813,0.8882,0.8060154090298299
186,0.999,0.82271977489031
1529,-1,0.74216488233042
189,0.8901,0.78287652159442
822,0.794,0.77147888280348
966,0.8995,0.81142456095251
2098,-1,0.9285013785417691
1820,-1,0.75821205685463
807,0.8984,0.938518415618448
1065,0.7012,-1
190,0.8984,0.81037719762937
689,0.8611,-1
144,0.7759,0.7575026059487799
378,0.7958000000000001,0.77629413842865
651,0.8958,0.80075431617155
68,-1,0.77218143105736
712,0.9987,0.913429344832576
178,0.9739,-1
694,-1,0.79316882041824
1412,-1,0.74271054263666
563,0.9993,0.8268142910730301
1311,0.8978,0.79376480417206
1229,0.7924,0.8737428596072
40,-1,0.80273179481752
763,0.8992,0.77701126229285
899,0.9999,0.8395714186026599
593,0.9726,-1
946,0.9984,0.78802577099416
1254,0.8935,0.78006910925117
202,0.8759,0.80583574824845
567,-1,0.81637603516865
1548,-1,0.77791255087448
2095,-1,0.928506889702525
607,0.8943,0.79787929096235
1284,0.9996,0.77431700260924
1472,0.7935,0.77473120238742
224,0.999,0.7901314456841699
594,-1,0.82865683816831
998,-1,0.6910075235740201
2089,-1,0.902422747247151
589,0.999,0.86704965051434
971,0.9986,0.86981663818452
309,0.7012,-1
215,0.9993,0.81391857112304
1815,-1,0.84725249207945
2003,-1,0.79729832785272
1939,0.8991,0.87149344424578
1453,0.7562,0.81498092240465
1575,0.8971,0.8175923059474299
1403,0.7975,0.903129694225108
121,-1,0.76590234483334
13,0.6028,-1
217,0.9974,0.78925528239205
1635,0.9845,-1
756,-1,0.82217978282023
1463,0.9936,0.7969804665543601
1596,-1,0.83804609260647
377,0.8991,0.85276224375776
37,0.8931,0.89155494127107
1729,-1,0.8226161832659
2007,-1,0.82978768274194
2001,-1,0.78825326998791
1854,-1,0.84784354395871
1344,0.8995,0.82067955183555
448,-1,0.77714314442309
1973,-1,0.7247870392961899
808,0.8945,0.80698152136706
818,0.7927,0.80117073329208
969,0.7348,-1
1274,0.8958,-1
776,0.898,0.83640857313077
1356,0.8964,0.7639291574798199
101,-1,0.84231033651749
1098,0.9976,-1
257,0.9978,0.76495331988653
602,-1,0.82832742260891
1471,0.9997,-1
1641,0.9845,-1
355,0.8964,-1
1295,0.9971,0.77646376779616
1752,0.7191000000000001,-1
741,0.9974,0.82621543547769
1978,-1,0.73926333512802
1350,0.8964,-1
1901,-1,0.84752365663929
2068,-1,0.83913774878387
337,0.8823,-1
254,0.8972,0.7772496403681299
50,0.8961,0.86029961779372
397,0.9974,0.924289790382173
437,-1,0.75431030863255
1215,0.8865,-1
1638,0.9845,-1
1317,-1,0.75855926574885
1337,0,-1
1346,0.8967,0.7455243388920401
1655,-1,0.6905006846618
1279,0.9956,-1
314,0.7348,0.8014297384196201
1158,-1,0.78693816680912
334,0.8802,0.73246608988712
1798,-1,0.80671099424287
1658,-1,0.79987764102614
2079,-1,0.83664303917224
974,-1,0.7664984121767899
1564,0.997,0.80177837025079
523,0.8901,-1
1190,0.897,0.7672389885292901
1994,-1,0.75524532267555
725,0.7348,0.8137475973530099
80,-1,0.80986659036215
91,-1,0.6888962274244901
95,0.8953,0.7894741159665
1467,0.8969,0.82106592875321
1508,0.9979,0.83430729458626
223,0.9965,0.79999853597628
1470,0.9969,0.81088759377831
914,0.9991,0.906998232616729
34,0.4196,-1
250,0.9997,0.7560989620458101
306,0.7322,0.82463000714716
1585,-1,0.77565262678875
1875,-1,0.84595226088674
1059,0.8827,-1
1072,0.8962,0.88963133767648
630,-1,0.7850052829591
1744,0.7191000000000001,-1
1335,0.7143999999999999,-1
1956,-1,0.87851186197815
274,0.894,0.82795876093889
308,-1,0.82349791962185
544,0.7445999999999999,-1
705,0.8972,0.81020752403968
1282,0.9996,0.773201586669
1568,0,-1
1445,0.7183999999999999,0.81353299180058
682,-1,0.76581920018948
863,0.9947,0.82766909170973
1510,0.8905,0.82389401933988
26,0.9978,0.7287655825485899
370,0.8996999999999999,0.79442905912653
198,0.9957,0.82405790404483
1327,-1,0.80460630802055
1607,-1,0.83806368701692
937,-1,0.81327265400769
312,0.7348,0.81716278305332
1010,0.8972,0.87007541304677
2039,0.6934,-1
1912,-1,0.84767613964637
2100,-1,0.927844782459639
1130,0.8916,0.85822855662005
707,0.9866,0.933834163487391
364,0.8964,0.80349432364974
367,0.8964,0.8089831758147
1271,0.887,-1
1331,0.8601,0.81554272276723
1022,0.8972,0.82071018819869
1270,-1,0.85777033785253
2015,-1,0.835214658167
1537,-1,0.87169841899676
231,0.9986,0.78835350681302
1849,-1,0.84692855544455
1800,-1,0.84886966141521
592,-1,0.8107705309229
427,0.898,0.75822058810802
780,0.998,0.81052941563758
199,0.9996,0.7914193378451599
1045,0.896,0.7981294391891101
1865,-1,0.84752175415161
609,0.9985,0.80922702101995
1797,-1,0.8180449335903099
373,0.7797000000000001,0.8160565550332
72,-1,0.85000908634112
928,-1,0.81327822726267
1222,0.8996,0.7491226041015999
1404,-1,0.78952025115907
384,0.9996,0.8332444685366001
1115,0.8365,0.7803358256855499
1212,0.7087,-1
1601,-1,0.8187507983637
1174,0.7946,-1
1795,-1,0.8215846234369
531,0.5528,-1
1819,-1,0.7874237948846801
2061,-1,0.83100748049507
1634,0.9845,-1
1339,0,-1
1039,0.8972,0.77138948019522
1540,-1,0.79824374943723
1513,0.7348,-1
191,0.9996,0.8679906644135
331,0.7973,0.7935245269536
568,-1,0.82681318124135
1812,-1,0.77290358194244
1188,-1,0.83817527312532
1051,0.9993,-1
1173,0.7191000000000001,-1
2020,-1,0.80054735179629
211,0.8759,0.74049013498847
441,-1,0.88261188449957
1955,-1,0.87965392145454
884,0.887,0.86115713215444
765,0.9991,0.79302069222376
369,0.8964,0.81864266076162
1920,-1,0.84692963949496
645,0,0.80649043233318
988,0.8905,0.88800696725438
216,0.9974,0.787118087191
1885,-1,0.84595453862999
1001,0.8971,0.79570469408841
1101,0.056599999999999984,-1
917,0.7997,0.84187454737935
700,-1,0.6894984714025101
1176,0.794,0.79095653173615
1524,0.5528,-1
1234,0.8972,-1
1671,-1,0.76418810648782
1475,0.8673,-1
1151,-1,0.65664297747235
1384,0.9989,0.80853050991645
1608,-1,0.81911425086319
1851,-1,0.8459499215449899
1245,0,0.83559764673568
1946,0.8986,-1
1515,0,-1
1879,-1,0.84784405235269
1387,0.8983,-1
754,0.7973,-1
12,0.6028,-1
1246,0,0.84938313674821
1578,0.8971,0.78362978426667
73,-1,0.7941484951211499
984,0.8733,0.951841341835447
1730,-1,0.8231910050697699
954,0.896,0.81327477143838
686,0.8611,-1
1760,0.7191000000000001,-1
374,0.9996,0.77464995502304
138,0.7822,-1
1691,-1,0.87652383075174
27,0.8964,0.79340461906626
492,-1,0.81053544809231
196,0.8831,0.53693357886451
317,0.9966,-1
659,0.8964,0.82408616198385
1322,0.9978,0.75172604137464
1632,0.9845,-1
854,-1,0.82132476848815
1129,0.9867,0.945668356308642
1523,0.5744,-1
1904,-1,0.84767707632283
1688,-1,0.8769454744228
295,-1,0.8069317522339701
720,0.8972,-1
404,0.896,0.83180140096726
2097,-1,0.928502427545619
1668,-1,0.8177184238594
45,-1,0.8234183954313901
147,0.9897,0.83247380157354
1706,-1,0.87694302497651
426,0.898,0.75066094354001
533,0.6764,-1
841,0.8636,-1
1379,0.9962,0.86246760964477
1896,-1,0.84784201161992
957,0.8905,0.81969276582026
1918,-1,0.8475257525637501
1813,-1,0.86095250014142
1574,0.8971,0.8284563839906101
1929,0.8995,0.81327511975637
1569,0,-1
1444,0.8613,-1
1702,-1,0.8781965030233501
1549,-1,0.75848963852839
2104,-1,0.912398059427626
930,-1,0.81327543707844
99,-1,0.7045549195135901
237,0.9984,0.79656460476039
132,-1,0.7976104374801201
1407,0.8682,-1
1778,-1,0.79145343232124
541,-1,0.85692148111631
380,-1,0.8125777796045
467,-1,0.76846310775879
786,-1,0.79690179650144
81,-1,0.81934279031685
430,0.8875,-1
1425,-1,0.7307402113499599
412,0.8901,0.80917699893852
1818,-1,0.77432888607378
1936,-1,0.8160804960462
229,0.9984,0.76967822383606
1070,0.8972,-1
894,0.6805,-1
1686,-1,0.87739999695594
1163,0.8975,0.86461276650555
635,-1,0.89035854422958
241,0.8964,0.8109182670320401
1682,-1,0.87694437376517
462,-1,0.82095970341007
83,-1,0.70605861733424
1286,-1,0.82552109802831
1703,-1,0.87652138308967
2059,-1,0.8315273418932501
1186,0.8877,-1
545,-1,0.75206952523177
1721,-1,0.8369066670905401
1044,0.8972,0.77835477085823
733,0.7348,0.82120322729156
561,0.7918000000000001,0.84517349535581
348,0.8964,0.76677246971364
983,0.9954,0.87142672423486
1476,0.8645,-1
1602,-1,0.83838432054397
1754,0.7191000000000001,-1
521,0.7925,0.8957371402522
1416,0.9996,-1
1899,-1,0.84595001349226
122,0.86,0.74683605830015
1954,-1,0.8450100991667
1821,-1,0.83928971234295
1779,-1,0.83178455624695
1663,0.8984,0.80102996945788
1449,0.7191000000000001,-1
1210,0.896,-1
2082,-1,0.83693341954129
1012,-1,0.82535883208884
530,0.6028,-1
1832,-1,0.909658907931769
964,-1,0.7423975952200901
644,0,0.82206176790942
125,-1,0.71358259797955
140,0.8963,0.8359279562423
1834,-1,0.909976019541129
799,0.4075,-1
1558,-1,0.80235487377984
247,0.9984,0.77836550021872
192,0.8901,-1
891,0.8733,0.86137395207373
2041,0.7302,-1
1353,0.8963,0.6985196510995799
656,-1,0.7249553188398801
1526,0.5528,-1
1957,0.8864,-1
1257,0,-1
528,0.5744,-1
1694,-1,0.87694413252402
2,0.5744,-1
996,0.8565,-1
185,0.9984,0.8279841178462299
1984,-1,0.76928224621235
401,0.9989,0.84659092665754
393,0.8972,0.86227438348167
1427,0.7544,-1
696,-1,0.72589528145925
1547,-1,0.73073602651681
731,0.7348,0.81058885422285
1769,-1,0.82494035501038
612,0.8958,0.8011470366040501
1878,-1,0.84752248550871
554,-1,0.78049592150946
784,-1,0.77790377858228
770,0.8951,0.88086140552419
1406,0,-1
1544,0.23660000000000003,-1
1689,-1,0.87806365676169
468,0.9989,0.926833157952641
1623,-1,0.8401587458459701
1906,-1,0.84644308622235
1225,0.8983,-1
732,0.7348,0.82086596707408
1637,0.9845,-1
1799,-1,0.77999807178363
1144,-1,0.76926362287426
2018,-1,0.82118826022782
840,0.8966,0.76652768557686
1352,0.8964,-1
817,0.7927,0.83928829905612
844,0.8958,-1
1696,-1,0.8781976795163899
1806,-1,0.74255740511153
269,0.794,0.7721997176633499
2071,-1,0.83643434786809
1588,-1,0.86799031968053
1667,-1,0.80928419194533
872,0.9984,0.926386455571931
1570,0.8971,0.85698694040397
1029,0.8972,0.87178532086902
1381,0.8964,0.79327533750282
1326,0,-1
1283,0.9996,0.7900026524759101
174,0.864,-1
1040,0.8972,0.86443829288133
1507,-1,0.76734320675539
1847,-1,0.84751877245696
1872,-1,0.84784400824449
1894,-1,0.84767817394457
1375,0.8975,0.84206621176068
1383,0.898,0.81650834217889
823,0.8955,0.8196392600504501
2060,-1,0.83121762787845
1195,0.898,-1
616,-1,0.68178840440387
226,0.9984,0.7437081022493399
159,0.9971,0.85900917467936
1108,0.8972,-1
1125,0.9867,0.83829086337979
2022,-1,0.82535926727687
1099,0.9976,-1
861,0.8972,-1
64,0.8985,0.86455094280262
945,0.9764,0.79125318707935
939,-1,0.79855544425747
1975,-1,0.79886223142302
234,0.9987,0.7579474787409299
883,0.8892,0.8406071372071
1402,0.8706,-1
900,1.0,0.8712391272144799
764,0.8947,0.77675370281432
1242,-1,0.83330783466535
2085,-1,0.902422848154903
1630,-1,0.87456372086622
1697,-1,0.87652248497431
1679,-1,0.87652245704867
336,0.8625,-1
652,0.7348,0.80980055767377
1135,0.8978,-1
1250,0.8962,-1
956,0.8965,0.82791184886946
1938,0.8991,-1
1705,-1,0.87791280173645
1027,0.8972,0.83871076924866
631,-1,0.8011362312939501
777,0.898,0.8552598879768301
2014,-1,0.83542202398619
1354,-1,0.7675520273369
976,0.9963,0.81120816648026
195,0.8857,0.77040302388744
1764,-1,0.82000531582203
1609,-1,0.83822610123848
49,0.7041,0.82703263130852
1965,-1,0.78667084794913
1660,-1,0.7862721399502
1386,0.8983,0.82626947483144
775,0.898,0.82817599648016
677,0.896,0.8167300300361899
1897,-1,0.84784473861883
1252,0.979,0.78158206459991
935,-1,0.8132766039216
724,0.7348,0.81356471723711
968,0.8995,0.80777691684778
1751,0.7191000000000001,-1
403,-1,0.8120364655516
399,-1,0.89226427940854
1887,-1,0.84644757055853
240,0.999,0.74339294627353
1415,0.8545,0.81177134099132
2054,-1,0.83030913413701
1443,0.7986,0.82027484843021
1064,0.8961,0.54275830053765
1014,-1,0.80798055102462
851,-1,0.78216390927086
1876,-1,0.8464451092573699
24,0.9978,0.72876411481116
1214,0.8685,-1
1385,0.8969,0.76797585177872
895,0.9969,0.79382252917384
876,0.793,0.84971257269788
962,0.8777,-1
836,0.8972,0.77614101618798
1495,0.8926000000000001,-1
1466,-1,0.82254982036874
1017,0.8972,-1
2027,-1,0.83152751437735
1220,0.6837,-1
1265,0.8685,-1
1684,-1,0.87819746801281
838,0.8972,0.78255001803158
1182,0.6758,-1
1571,0.8971,0.8578342819703499
1633,0.9845,-1
1753,0.7191000000000001,-1
1708,-1,0.87819527886865
1411,0.884,0.80681409114839
113,-1,0.62729109859587
1431,0.7726,0.81866244932961
1736,0.9936,0.79764765161633
628,-1,0.751090962318
802,0.8899,-1
1209,0.7348,0.79574779982595
1643,0.9845,-1
875,0.8956999999999999,0.89155589086742
685,-1,0.79462064523453
1047,0.8857,0.8169782916825
1977,-1,0.7299594959056099
152,0.8958,0.8309848749779
590,0.999,0.86715776560239
414,-1,0.79568449812466
1304,0.8973,0.74048913786557
115,-1,0.61782068368639
10,0.30189999999999995,-1
779,0.898,0.8875729810546
1343,0.8963,0.7481072005262
104,-1,0.7459692977922401
1916,-1,0.84644589591082
752,0.8971,0.948356206340254
1490,0.8916,-1
909,1.0,0.82861399574739
1302,0.8971,0.79550478009152
1931,-1,0.7700766709157
11,0.6028,-1
1422,0,-1
827,0.8972,-1
548,-1,0.86622859335849
1478,0.8605,-1
2056,-1,0.8315226068897
948,0.8956999999999999,0.82070742778038
1796,-1,0.8606693243981001
1814,-1,0.78281003790166
41,-1,0.82696366736515
1905,-1,0.8459487845172899
1733,-1,0.79927778602315
1314,0.9978,0.83196325175604
919,1.0,0.84186760949937
806,0.8984,0.918800941631246
1644,-1,0.83844823652981
1465,-1,0.78663087531516
1300,0.8972,-1
1068,0.8961,0.86917105424168
134,0.5864,-1
848,0.8963,0.7780134776234
2096,-1,0.928505936546006
1907,-1,0.84644435289034
753,0.8971,0.89532318879791
1036,0.8972,0.79709829525153
1782,-1,0.80631971860437
2064,-1,0.80911167278783
1687,-1,0.87791349201294
2107,-1,0.929162336545614
4,0.5744,-1
1592,-1,0.8377095578727101
1845,-1,0.84594830931163
1448,0.7191000000000001,0.83208970727639
290,0,0.78057113716549
862,0.8963,-1
1062,0.8961,0.76647949865677
994,0.8882,-1
114,-1,0.62398103645792
1264,0.985,-1
1169,0.8959,0.7951280238471901
358,0.8964,0.81097164567431
902,1.0,0.78343044861342
1831,-1,0.89570990458792
1505,-1,0.73670552043181
1168,0.8975,0.78158323234696
1553,0.8673,-1
406,-1,0.74816981204856
245,0.9968,0.79100467373479
1823,-1,0.75676325906591
1964,-1,0.77462386764889
1895,0.6816,-1
94,0.6461,-1
1288,0.9971,0.84231013057507
965,0.8995,0.8091643613774699
266,0.794,0.77760080949634
1838,-1,0.907870226725801
959,0.8972,-1
1503,0.8759,-1
150,0.999,0.86636463118715
882,0.967,0.86318031343996
2012,-1,0.8379576886369999
1893,-1,0.84767802865022
1787,0.8947,0.82613515111471
1979,-1,0.76847653750349
103,-1,0.75057105561627
2004,-1,0.80789803079611
734,0.9739,0.8004334190921301
684,-1,0.8176497163941701
137,0.6727000000000001,-1
362,0.8964,0.8162130358896
220,0.8974,0.77163293735301
1238,0.8938,-1
1372,0.7969999999999999,-1
552,-1,0.8215691443949
698,-1,0.79740811322117
371,0.7958000000000001,0.77372467611039
1388,-1,0.7660641881965
1604,-1,0.83817197286221
2055,-1,0.83572624841155
727,0.8365,0.8210192318898
1122,0.8905,0.7826084121339
1336,0,-1
1822,-1,0.76242321609967
1410,0.896,-1
408,-1,0.80205605858626
640,-1,0.75090549367488
1097,0.9976,-1
982,0.9954,0.950230830087461
1590,-1,0.83750175651742
1102,0.8949,-1
1519,0.7934,-1
736,0.7348,0.79212803188116
1665,-1,0.7461199162257299
985,0.8901,0.89026207083742
812,0.8984,0.8359038328407
979,0.7348,0.81901897214822
622,0.7958000000000001,0.75827726697135
745,0.9974,0.81528981342488
1049,-1,0.71159106654203
1648,-1,0.86981929060026
2038,-1,0.86526754639543
1000,0.8964,0.77462447707771
1701,-1,0.87806193755871
1624,-1,0.7768055630071
623,0.7958000000000001,0.75827544927492
1720,-1,0.86735079830114
1871,-1,0.84752420199808
1003,0.8965,0.75698315886853
92,0.7389,0.83929188741385
1329,0.874,-1
107,-1,0.6568401963249599
1429,0.8837,-1
350,0.8964,0.81558007543764
1121,0.8905,0.76881410763384
173,0.8995,0.80493602187167
1987,-1,0.77176281154493
757,0.7971,0.810182823917
2017,0,0.82119225086854
1833,-1,0.903967000628251
1748,0.7191000000000001,-1
85,-1,0.74871922664238
1775,-1,0.69602526990381
1552,-1,0.81616104854144
881,0.8584,-1
1446,0.8665,0.80703555434269
1765,-1,0.81866165309011
32,0.6727000000000001,-1
1850,-1,0.84767332309803
805,0.8984,0.89221229373778
1132,0.5965,-1
1084,0.8936999999999999,0.89451590488932
1937,0.8973,-1
1991,0.7917,0.903112848937937
330,0.8991,0.80669012939165
1291,0.9971,0.79555631311929
949,0.8759,0.82069765266785
606,0.8943,0.7984736543968101
1089,0.9947,-1
1645,-1,0.81916335770267
1517,0.8999,0.8659459036770301
293,0.7417,0.83698986947223
1177,0.997,0.80177902236157
1967,0.9884,-1
176,0,0.76230773938314
1452,-1,0.81005503281248
248,0.7958000000000001,0.75827942453638
1376,0.8848,-1
1923,-1,0.84767686771858
1351,0.8964,-1
46,0.8123,0.81747274580918
1525,0.5528,-1
1844,-1,0.88182013241173
2075,-1,0.83024111498076
82,-1,0.70054032000413
210,0.36660000000000004,-1
718,-1,0.84022768114419
719,0.9984,0.84548747677182
639,-1,0.84510476088784
987,0.8901,-1
1680,-1,0.87740077794978
1,0.5744,-1
842,0.8972,-1
1926,-1,0.80431859988059
1532,-1,0.7724330374192501
1008,0.8972,0.86462497756537
65,0.9978,0.72875097360759
1771,-1,0.85550289092287
168,0.9984,0.7762027772512801
1527,0.5528,-1
1290,0.9971,0.7955370549508101
2023,-1,0.81587038051057
1342,0.8295,-1
867,0.8936999999999999,-1
1739,0.9987,0.75794807938309
866,0.8963,-1
1345,0.8963,-1
2053,0.8975,-1
723,0.9969,0.82890060781542
1727,-1,0.82261579431734
1966,-1,0.84710034095938
1239,0.7632,-1
673,-1,0.83178049539189
2073,-1,0.83693265244446
1999,-1,0.7670943753244
148,0.8518,-1
1281,0.9997,0.75032480636656
556,0.9928,0.907959816353147
299,0.8914,0.81355811542233
897,0.9994,0.911630871578765
782,0.8996999999999999,0.77130530002053
846,0.8971,0.80028080312026
2090,-1,0.928507864739156
180,0.8759,0.82711830049741
388,-1,0.87011893285495
641,0.8964,0.80628124036104
238,0.9997,-1
1401,-1,0.77732200334859
1824,-1,0.83423512862923
1502,0.8759,-1
1951,0.4476,-1
123,-1,0.75996539782495
1414,0.9996,-1
1738,0.9987,0.75794282639792
691,-1,0.68508489824622
1349,0.8964,-1
837,0.8972,0.7902375918689399
1586,-1,0.83114855363006
683,-1,0.71388418318436
906,0.9997,0.85930547755246
553,-1,0.80956890188125
310,0.7012,-1
120,-1,0.6306115875076099
1914,-1,0.84693055418663
465,0.896,0.83375409286462
1650,-1,0.8231396999438401
1360,0.8964,-1
1161,-1,0.75836884134619
1659,-1,0.75671795705265
1877,-1,0.84644432115636
1128,0.9867,0.964025395632168
1391,-1,0.7736227627535099
1683,-1,0.87806028241194
1719,-1,0.86726675272392
1438,0.8765000000000001,0.81635371656445
1988,-1,0.78485941361654
1546,-1,0.79754795292098
1261,0,-1
1417,0.9991,0.80632343028236
1997,-1,0.76377275565351
1436,0.8704000000000001,0.82501289241539
1848,-1,0.84784475579134
598,0.7309,0.906037201941352
28,0.8956,0.73454363716436
233,0.9984,0.79828877797017
228,0.9989,0.7728468645994799
133,-1,0.80344098399918
749,0.9974,0.81262778606009
1761,-1,0.8322840032957299
424,0.898,-1
729,0.7348,0.82583239752476
830,0.8956,0.79096211853432
773,0.998,0.79966791339751
143,0.8998,0.77854908214299
916,0.9998,0.85883796951906
1554,-1,0.80967789401395
1419,0.8976,0.81655874508062
1011,-1,0.81572816535214
400,-1,0.69123985351461
1664,-1,0.73535435870638
1560,0.8641,-1
1536,-1,0.7893663026075299
1852,-1,0.84644353380259
1582,0.8971,0.88641265914773
800,0.6727000000000001,-1
1421,-1,0.7975702933529201
1827,-1,0.8607485051943999
286,0.8956,0.75194106179312
1357,0.8964,-1
263,0.9984,0.78498944957958
58,0.9798,0.84765239413143
1474,0.8645,-1
453,-1,0.78042623920794
1275,0.5665,-1
1722,-1,0.8378966864124799
1584,0,-1
1367,0.8278,-1
1316,-1,0.77448304983275
1227,0.8998,0.88050433933434
1726,-1,0.83887099250049
1750,0.7191000000000001,-1
447,-1,0.7465179760498399
1743,0.7191000000000001,-1
1639,0.9845,-1
1676,-1,0.87694296766181
559,-1,0.79873579361129
1891,-1,0.8469334705807
1154,-1,0.6353736312509399
278,0.9979,0.81678709989741
1258,0.8936999999999999,0.76689511408092
390,0.9938,0.909012498854752
699,-1,0.66867211624261
1622,-1,0.83038607981275
608,0.9985,0.80138085730357
102,-1,0.6892251791309301
1165,0.8982,-1
626,0.8961,0.76221108673806
444,-1,0.8619817681261099
1616,-1,0.84648514509868
1587,-1,0.85205997656194
1910,-1,0.8469317016186599
151,0.889,0.8178002511932
1563,0.9971,0.80376499349658
886,0.8434,-1
251,0.8996999999999999,0.7265176132978499
570,0.8752,0.82609615578556
583,0.8963,-1
1293,0.9971,0.78737857674059
783,0.8996999999999999,0.77129825789813
1985,-1,0.74410192091074
1111,0.9746,-1
834,0.8963,0.79627867428641
1075,0.7918000000000001,0.8508955969690299
181,0.8966,-1
1759,0.7191000000000001,-1
1768,-1,0.71726674254848
1052,0.9867,-1
1056,0.8827,0.75168174306292
1255,0.8759,-1
726,0.7348,0.813730305851
970,0.9986,0.944466920831681
1805,-1,0.8052881515896699
187,0.8996,0.77011066965366
710,-1,0.71838465512301
301,0.8904,0.80544267459058
61,0.9928,0.917276238060353
586,0.8972,-1
489,0.879,0.83065557501389
1942,0.8976999999999999,0.924014153769949
796,0.8961,0.75430368428133
1266,0.8882,-1
1774,-1,0.75879166550053
1278,0.8964,0.79060641309973
2072,-1,0.83643403850334
750,0.9974,0.80589267684551
1535,-1,0.7574098563807801
915,0.999,0.88203987535218
1690,-1,0.87819799621053
1106,-1,0.83044850396581
1259,0.8933,-1
19,0.9897,-1
1561,0.8641,-1
323,0.6816,-1
1477,0.8696,-1
1328,0.8976999999999999,-1
1566,0.8941,0.84167120118435
1083,0.7963,0.8486589958756
284,0.8956,0.7351383496641299
268,0.894,0.77758825290597
1654,-1,0.78249577740477
1073,0.8962,0.87154121048181
1837,-1,0.907689207416034
303,0.8941,-1
2062,-1,0.83101052803928
2093,-1,0.928501335401499
346,0.8958,0.76211148475189
1858,-1,0.8464437128196001
814,0.8365,0.81095674759014
18,0.8958,0.81281655763531
2105,-1,0.917367458323218
1179,0,-1
398,-1,0.68569593221576
1368,0.8956,0.89139362846651
1487,0.8913,-1
1995,-1,0.7695090021448701
584,-1,0.88520767371694
1134,0.8943,0.84656419560799
963,-1,0.80228844385704
1807,-1,0.76920276324252
379,0.7958000000000001,0.80290613875004
1958,0.864,-1
1781,-1,0.81240763894981
316,0.9966,0.81267372475168
1698,-1,0.87740029400259
365,0.8964,0.8084376601380701
537,-1,0.82908491326193
1600,-1,0.8382514507434
1666,-1,0.7730822641492601
1035,0.8972,0.77217598202965
746,0.8891,-1
893,0.7662,-1
335,0.7971,-1
1442,0.7074,0.80538078637005
1080,0.5966,-1
1767,-1,0.74609098403776
877,0.8733,0.88559621369128
819,0.9739,0.7960204628006999
212,0.8759,0.80600277423314
1642,0.9845,-1
53,-1,0.85168351902956
981,0.9954,0.946466540711529
1100,-1,0.7764533131855
2101,-1,0.92784516917715
1501,0.8759,-1
417,-1,0.84099263565415
1303,0.8973,-1
1512,0.8759,-1
768,0.8942,0.77247174668637
924,-1,0.81327537179245
1358,0.8964,-1
1136,0.8938,-1
332,-1,0.84400316280815
618,-1,0.74299573245373
550,-1,0.77118452440723
1426,0.8919,0.8280156221625
595,-1,0.84566825216812
1794,-1,0.78113967937458
611,0.8958,0.80023233386716
30,0.9984,0.75065847217628
1488,0.8463,-1
51,-1,0.80949440493027
457,-1,0.83023021153416
255,0.9978,0.78387224588937
1199,-1,0.85817752888846
845,0.8962,-1
864,0.8984,0.79420425033526
130,0.7561,0.80545179348649
1479,0.7952,-1
1873,-1,0.8469327404570299
407,-1,0.7550460667834
182,0.5782,-1
920,0.9988,0.78580150263674
341,0.8964,0.78516752588898
661,0.8964,0.80569640843127
536,-1,0.76594781132755
88,-1,0.74494337760952
663,-1,0.71811280541264
1840,-1,0.88072904759212
289,0.898,0.78713286660228
1213,-1,0.79266555772159
1770,-1,0.8245459943593401
847,0.8971,0.79967223957169
1594,-1,0.8377438126107299
1647,-1,0.87477813236334
1178,0.8362,-1
260,0.9992,0.77687274906786
1094,0.8939,0.88546930437219
1069,0.9974,0.88930512795011
1373,0.8759,-1
1911,-1,0.84767635965956
1116,0.8365,0.7834388441269999
1935,0.8975,0.83549078902899
280,0.8961,0.75123657723963
205,0.8943,0.7978740534040301
951,0.8984,0.82070422940679
989,0.8905,0.87914857791219
1365,0.8964,0.7734924910991801
1430,0.8938,0.82840308600774
801,0.10660000000000003,-1
1292,0.9971,0.78735741606412
466,-1,0.73413665295206
1808,-1,0.76238584478777
318,0.8978,0.81471143929142
90,-1,0.84679500718552
1786,0.8947,0.75492180879379
1309,0.8976999999999999,0.73157941933199
603,0,0.78452380030634
912,0.9996,0.83659236945313
1969,-1,0.75772542502868
1732,-1,0.81346895631368
1551,-1,0.78880876971404
1219,0.871,-1
167,0.8759,0.79679760357956
1107,-1,0.78809984231345
1791,0.7157,-1
751,0.8971,0.80206837764285
2036,0.6716,-1
1067,0.9,0.84042964827099
242,0.9996,0.7842698898604
1141,0.8978,-1
1183,0.871,-1
572,-1,0.8423218562502199
697,-1,0.80461255829616
1996,0.8833,0.82143688693203
1661,-1,0.78098552328832
1193,0.898,0.76004589827138
363,0.8964,0.78664022390658
162,0.8984,0.86692977653796
797,0.871,0.82271764793901
376,0.8956,0.81894738599775
1226,-1,0.78582368935743
1591,-1,0.81780528372017
33,-1,0.8226234546098
1013,-1,0.83357742247137
2013,-1,0.83572563992606
155,0.9938,0.87999964892017
1093,0.8939,-1
549,-1,0.80654961026649
142,0.8958,0.78699158826809
1434,0.8748,-1
2024,-1,0.80911135419423
1777,-1,0.76911686816881
1142,-1,0.79685947366591
695,-1,0.7004887279305501
579,-1,0.81865928291584
442,-1,0.76491908707954
1756,0.7191000000000001,-1
857,-1,0.822599859325
158,0.8968,0.87678882911434
676,-1,0.8099499791593701
721,0.8972,0.9290202690575959
394,-1,0.78897706369309
538,-1,0.80263842185263
1972,0.8998,0.77545837042417
868,0.8933,0.81616856772505
67,0.8969,0.7824820302475
887,0.887,0.85871201984662
207,0.894,0.8273622874450299
315,0.9966,0.81678749323232
829,0.8966,-1
354,0.8958,0.8007169302234
722,0.9969,0.905530356227629
1693,-1,0.8779149743423
1826,-1,0.86007945733962
1319,0.9996,0.79689498115519
1652,-1,0.7589283056367
1817,-1,0.81649425535335
1287,0.9971,0.7757534751865001
1734,-1,0.8183371912406
193,0.7867,0.8278725153172399
1334,0.7957,-1
1021,-1,0.8376352245034699
221,0.8924,0.77954124843438
792,0.9996,0.81392355790199
1618,-1,0.82773110543634
1715,-1,0.86572978751733
1113,0.8365,0.7803299781984
1298,-1,0.82007678514711
852,-1,0.82371659608374
1380,0.8336,-1
69,0.9992,0.76243183574116
1886,-1,0.84644751215806
1123,0.8905,0.77953701219459
357,0.8964,-1
824,0.8972,-1
1033,0.8972,-1
1836,-1,0.89941532790707
1572,0.6865,-1
1006,0.8947,-1
252,0.8994,0.7889485133568099
993,0.9897,-1
1921,-1,0.84693335964091
704,-1,0.6959845664254001
9,0.5744,-1
297,0.8879,0.80228231462679
1276,0.866,-1
139,0.8674,-1
1776,0.894,0.85408289446658
766,0.9991,0.918813159558549
351,0.8964,0.81940723997557
188,0.9964,0.8482100708785
1646,-1,0.8264270927917801
809,0.8945,0.80031808123241
493,-1,0.7138973893885401
1498,0,-1
1081,0.6727000000000001,-1
1541,-1,0.76937991834633
1347,0,-1
717,0.794,0.82286612513699
333,0.8696,-1
1268,-1,0.8195764701551
2091,-1,0.9285029726699741
1749,0.7191000000000001,-1
674,-1,0.7998721172589001
163,0.9974,0.87706001438198
1321,0.9978,0.7768977162458199
1681,-1,0.8779109466158
1224,-1,0.82887212324789
1251,-1,0.83310520835997
2029,-1,0.83100047187623
1489,0.8463,-1
389,-1,0.82826217891119
1784,-1,0.82426858097167
2077,-1,0.83913617873592
1933,-1,0.79240295607908
105,-1,0.69679295874377
2065,-1,0.8251616794236
1096,0.9976,0.920431268659735
1500,0.8759,-1
86,-1,0.7146806468167199
614,-1,0.80874732308389
730,0.7348,0.82085321708554
950,0.9984,0.79125640724542
434,0.8996,0.80289722461185
454,0.8934,0.82701456453245
1318,-1,0.82512395497881
1518,0.999,0.78016702608115
5,0.5744,-1
934,-1,0.81326042973997
1114,0.8365,0.78065940135677
1789,0.8947,0.80060944864317
896,0.9969,0.8080206829515
1970,-1,0.75379617676904
1533,-1,0.86304943439479
1150,-1,0.69851883402775
273,0.794,0.80970239203071
170,0.8963,0.88860737897922
2002,-1,0.81470697371385
591,-1,0.82712445301682
735,0.7348,0.8165844262277699
888,0.9869,-1
997,0.7953,0.80484382333659
1235,0.8964,-1
1945,0.8941,0.873040522384
1917,-1,0.8464474943102
204,0.8972,0.8075910305296901
762,0.897,-1
275,0.8991,0.77746483171073
100,0.8915,0.7127124862668299
1983,-1,0.78243157592033
319,0.8974,0.79911270414587
209,0.8941,0.78032001716752
1631,0.9845,-1
596,0.8739,0.89792625331277
112,-1,0.6297296735504601
171,0.8759,0.88688975002964
359,0.8964,0.76120316553351
1079,0.8965,0.78874309374056
326,0.6895,-1
1867,-1,0.84692661220107
925,-1,0.81327392140377
1120,0.8365,0.78344120296493
1074,0.7302,-1
1992,0.7917,0.84877342042226
955,0.8965,0.82472888574346
1628,0.9966,0.80421517983577
1148,-1,0.6469866473502199
244,0.999,0.8189058625157
461,-1,0.81944382504794
1484,0.898,0.79710347470433
821,0.8681,0.8316084934118
1201,0.8987,-1
1359,0.8964,-1
87,-1,0.7186303406955801
1206,0.8865,0.84555439624878
1394,0.9759,-1
1925,-1,0.84767836720164
382,0.9669,-1
767,0.9996,0.82859126373437
1167,0.7988,0.8115972457036
1041,0.8972,0.8235565468031
547,-1,0.79824330807626
42,-1,0.81611702146412
281,0.898,0.78078802000554
21,0.9897,-1
1948,0.8986,0.74810471508649
1086,0.7913,-1
921,0.9989,0.7457539643897599
177,0.891,0.80981134287125
874,0.871,-1
343,0.8964,0.81864887249164
1228,0.6986,0.85934164256045
941,0.9991,0.83550134413113
1737,-1,0.81980344803801
1763,-1,0.7605083072595
1015,0.8972,0.84963493961904
1943,0.8988,0.88314676499589
1531,-1,0.79158441634883
1263,0.8956,-1
853,-1,0.84494289546111
135,0.8964,0.81095379693864
222,0.8992,0.769667416059
1307,0.9989,0.7827423636992901
1961,-1,0.84213360001414
1203,0.9969,0.84764520099853
1545,-1,0.8166975607485201
1880,-1,0.8469299417111
2102,-1,0.912397427604571
653,0.9923,0.8206435774876
1928,0.8996,-1
141,0.8972,0.80360388899094
542,-1,0.80017616217399
166,0.9963,-1
600,-1,0.78799572298616
160,0.9988,0.87287916167601
1392,0.8996999999999999,0.77817863852741
1009,0.8972,0.86183549395946
1294,0.9971,0.78736021123283
1780,-1,0.81647242934842
1164,0.8961,-1
276,0.8982,0.77596966932938
1355,-1,0.7533689263361
1223,0,0.71169775646942
1020,0.19410000000000005,-1
76,0.9818,0.78846248513246
610,0.9985,0.80136473494716
77,-1,0.8202510043813
795,0.999,0.7610845685950001
908,0.9999,0.8089716934043
1614,-1,0.81892056983186
1437,-1,0.76841797407314
3,0.5744,-1
1758,0.7191000000000001,-1
1597,-1,0.81845900183713
660,-1,0.69115513032709
999,-1,0.68381063212708
1974,0.7982,0.81831987513752
1724,-1,0.83740955723957
271,0.8966,0.80649353337484
2076,-1,0.82749407890131
564,0.9759,-1
624,0.8961,0.76219845615437
1330,0.8315,0.81916466251642
420,0.898,0.78500136141968
116,-1,0.62974469900187
1981,-1,0.72082217584713
769,0.8986,0.75550567526051
1839,-1,0.880345845407
1175,0.7953,0.89525613048704
1762,-1,0.81999813192449
1192,0.8983,-1
1004,0.8947,-1
892,0.7207,-1
366,0.8964,0.79340876781957
2103,-1,0.917367399434565
1892,-1,0.8476783357309801
429,0.9985,0.78784804747619
1109,0.8964,0.933835093478117
1348,0.8963,-1
2106,-1,0.929162176406424
311,0.7417,0.82654801453907
227,0.9991,-1
716,0.897,0.942098386831999
958,0.8972,-1
213,0.8925,0.80689363624091
2031,0.8963,-1
1863,-1,0.8459503231437799
907,0.9996,0.874214272153
1280,0.8999,0.76645404036608
1025,0.8972,0.87308285509798
1395,0.8692,-1
127,0.8932,0.76886621473038
1397,-1,0.7145729079327601
1087,0.7963,-1
1400,-1,0.68208097799731
225,0.8945,-1
1200,0.7928999999999999,0.7180221562957401
1218,0.8692,-1
1053,0.9867,-1
291,0.8989,0.86482746883933
396,-1,0.89015294840274
1620,-1,0.82603650083785
1986,-1,0.73527850755138
383,0.7309,0.89015384016198
372,0.9978,0.78060025432295
353,0.8964,0.81352785852332
788,0.40659999999999996,-1
938,-1,0.78515679283699
1143,-1,0.71238899927098
1603,-1,0.8190015178715799
1221,0.6939,-1
926,-1,0.81328041018277
1118,0.8365,-1
1599,-1,0.81862748645145
2070,-1,0.83664368433807
446,-1,0.75621978546242
349,0.8964,0.81806714463191
1037,0.8972,0.79771520880288
1320,0.9978,0.77690390850429
574,-1,0.82283677372394
17,0.8958,0.81288448523155
1088,0.9951,0.917278358383753
1323,-1,0.77311954869495
327,0.8942,0.5502239160860101
6,0.5744,-1
423,0.898,0.77635524484047
1605,-1,0.81918350430357
1382,0.8964,0.77207946238213
940,0.9969,0.76527311642782
1492,0,-1
1194,0.898,0.76013423357808
1499,0.8759,-1
953,0.896,0.8593819513309899
1953,-1,0.84814722213379
57,0.896,0.79885182718119
1147,-1,0.6525780041732501
1674,-1,0.87740222707705
1543,-1,0.84018070837365
1725,-1,0.83866753590354
605,0.7941,0.7812936169764599
23,0.9984,0.75065684568188
1576,0.8971,0.81863119390144
1651,-1,0.74639835617678
1482,0.899,-1
146,0.8384,-1
2009,-1,0.82394897357092
1898,-1,0.86907615488555
1565,-1,0.71755174572977
843,0.8972,-1
804,0.8924,0.8741662482568
74,-1,0.7713031873655201
1005,0.8947,-1
585,0.8972,-1
613,0.8988,0.77522622737915
1378,0,-1
279,0.9974,0.7768196240574801
305,0.8978,0.81594016633694
232,0.9984,0.80253484819924
183,-1,0.83783058117262
2894,0.6461,-1
871,0.9985,-1
235,0.9984,0.73916733066517
936,-1,0.81328399572961
440,-1,0.77996746326059
1042,0.8972,0.86352720871835
654,0.8963,0.8936270483483
2042,0.8786,-1
338,0.6982999999999999,0.926138249360466
322,0.8928,0.79551911090841
1869,-1,0.84595140788935
1494,0.8966,0.8574636455839
1506,-1,0.77087973421876
1707,-1,0.87806127914246
781,0.8996999999999999,0.7717763795585
1810,-1,0.75053729899268
1092,0.8963,-1
1941,0.8976,0.83338824017032
1333,0.8561,0.81905579888146
922,-1,0.81327008197665
1555,0.8985,0.85874953182167
203,0.896,0.82394628011572
713,0.999,0.80827655571603
1361,0.8964,-1
573,-1,0.83585790690539
1538,-1,0.76085644051567
1232,0.7935,0.8809894337921
387,0,0.80434186659833
1556,-1,0.71798048453386
302,0.8948,0.82988134445639
1071,0.544,-1
1363,0.8964,-1
1902,-1,0.84784299580663
1305,0.8973,0.75610534028389
1952,-1,0.87664967004407
1139,0.9867,0.920845701091159
903,1.0,0.8337543723589
859,-1,0.83656001170586
1090,0.8963,-1
1441,0.7074,-1
1066,0.8583000000000001,-1
1919,-1,0.84784711714859
1262,0.8971,0.79453286291041
1675,-1,0.87791429437073
288,0,0.77217707455838
1788,0.8947,0.80519314482881
1559,0.8641,-1
1625,-1,0.84776118695799
1692,-1,0.87740233649132
1341,0.8295,-1
165,-1,0.8028894862767599
218,0.9974,0.7870932032397
2074,-1,0.82516576895773
2008,-1,0.82979121069162
576,0.7264999999999999,-1
739,0.9974,0.83844060910137
933,-1,0.81328100474136
175,0,0.76027727667599
1078,0.7918000000000001,0.7980487528800699
1050,0.998,0.85168875424169
575,0.7165,-1
1273,0.8565,-1
1439,0.7348,0.81753801242418
313,0.7348,0.8267456976439
1374,0.8968,-1
632,0.9998,0.936193547378425
1156,-1,0.659256315937
1915,-1,0.84595318399537
1828,-1,0.8607472600914701
124,0,0.82819168720478
296,0.995,0.80579822216108
870,0.8985,-1
1825,-1,0.88018822152758
270,0.8966,0.81186162737465
1783,0.8947,0.7541100463541199
1420,0.8976,-1
1077,0.7918000000000001,0.79806540418414
629,-1,0.80991412559275
277,0.8992,0.79577756056096
1389,-1,0.7702560374616
1930,-1,0.7230007716649001
1211,0.896,-1
1189,0.897,0.78129974271085
1909,-1,0.84784403836288
2057,-1,0.81090623427564
230,0.9996,0.805692513179
98,0.9759,0.81732279764112
194,0.7953,0.79654986546133
1830,-1,0.87685227426532
1026,0.8972,0.8469735347310701
458,-1,0.81926926187215
145,0.7191000000000001,0.82007759963756
911,1.0,0.84774681118065
342,0.8964,0.80318796933952
298,0.8861,0.84196597354862
1157,-1,0.80424805792028
1198,-1,0.86523303866689
1315,0.9978,0.77468011492435
1390,-1,0.79482549337692
1716,-1,0.86662565670378
1539,-1,0.85400418954366
1889,-1,0.84784746522968
52,0.8739,0.85914735285977
262,0.9996,0.78322497227538
1405,-1,0.78951260670113
778,0.898,0.86793884465225
880,0.8634999999999999,0.8610003663860499
2058,-1,0.7986012244287399
307,0.7204999999999999,0.81384580828974
1237,0.9779,-1
2037,0.8165,-1
172,-1,0.82506669268635
463,-1,0.8061311141687499
793,-1,0.7934917120260501
1370,0.8759,-1
1260,-1,0.75740200249087
815,0.7969999999999999,0.78878533347612
973,0.9986,0.84202234927779
418,-1,0.7069397190613
153,0.8954,-1
879,0.8612,0.85391497238705
1205,0.8641,-1
1522,0.5528,-1
1509,0,-1
1613,-1,0.8383504918589
1112,0.8365,0.78065662962433
748,0.9974,0.80877855304198
1267,0.8882,-1
858,-1,0.82295191059581
1913,-1,0.84767575078732
1091,0.9951,-1
285,0.8956,0.734556939884
1153,-1,0.81113531820971
1423,0.7982,-1
1332,0.8362,0.81007069437041
1649,-1,0.80046021195187
1859,-1,0.8475215241544201
1310,0.8978,0.79278579171327
715,0.9998,0.908696106218578
1829,-1,0.86096425184621
1846,-1,0.84644425058441
416,-1,0.86635826250492
885,0.987,0.85427788906517
1140,0.9867,0.956219974455713
604,-1,0.86421890232552
2069,-1,0.83693017551737
878,0.8733,0.88685878646448
438,0.8995,0.81861028536437
421,0.898,0.76023703879537
428,0.898,0.75838420916918
243,0.9996,0.8310715172649901
709,-1,0.84422597605188
1455,0.9965,0.80200915905194
460,-1,0.82548315209219
38,0.9998,0.908701630503207
2080,-1,0.83641737964919
706,-1,0.75129193327342
1611,-1,0.8155305621076601
282,0.8988,0.75433346989436
1934,0.8975,0.86244200672511
340,0.8964,-1
1110,0.9746,-1
449,-1,0.81556731836397
75,-1,0.81792260308837
1464,0.9936,0.79744186331393
439,0.995,0.77213480223373
760,0.8827,0.813086650157
1699,-1,0.87791389091606
913,0.9991,0.935497220336185
811,0.8966,0.82010027920462
1028,0.8972,0.87295331111234
1119,0.8365,-1
1054,0.9867,-1
918,0.9991,0.86849662289929
1700,-1,0.87694342079498
179,0.999,0.80379800114333
79,-1,0.78892736209625
1790,0.8723,-1
1883,-1,0.8476762780608
1577,0.8971,0.80982203507157
1435,0.827,-1
910,1.0,0.908857201993361
1007,0.8972,0.86353212675435
164,0.8944,0.906650468680161
761,0.8956,0.81343113868215
1393,0.8759,-1
1940,0.8991,0.87897331870787
839,0.8972,0.78156698820952
1462,0.9936,-1
1031,-1,0.76433275348405
287,0.898,0.79380405624144
638,0.9992,0.7795372893363199
2033,-1,0.85275754300318
1881,-1,0.84767602696858
1184,-1,0.76683876066856
1366,0.8964,0.75890438792797
943,0.8984,0.79124925168105
1105,-1,0.79732245338194
1579,0.8971,0.76995895094358
422,0.898,0.76246522807443
1451,0.9936,0.81469855998939
1483,0.9984,0.78653139821616
1272,-1,0.83042726179687
1468,0.8969,0.81355202469245
1573,0.8971,0.8274168307327
1152,-1,0.82383100093328
961,0.9998,0.90552959171667
445,-1,0.78838122947322
947,0.9962,0.83664778346782
1019,0.8972,-1
1473,0.8558,-1
84,-1,0.80587417685295
200,0.8654999999999999,0.7851773532994
774,0.8985,0.87762582984016
2019,-1,0.84261301874599
1731,-1,0.79190018733574
2032,-1,0.86553648220782
1998,-1,0.76942291243627
1589,-1,0.83810096190102
2081,-1,0.83642770826432
149,0.8944,0.78035039164066
1976,-1,0.77043605246519
292,0.8969,0.76193687809609
1038,0.8972,0.79786940344776
433,0.896,0.80379754606579
425,0.898,0.77951939030649
1170,0,-1
634,-1,0.913347101236547
1772,-1,0.81419314210785
1678,-1,0.8781973442470901
744,0.9974,0.7381797164858299
1793,-1,0.84740307929927
1534,-1,0.76104156283602
1755,0.7191000000000001,-1
740,0.9938,0.83101254798368
1325,0.8942,0.8168245726941901
1103,0.8882,-1
1900,-1,0.84644626215097
1922,-1,0.84767763186298
890,0.887,0.85615941602072
1855,-1,0.84693014827758
136,0.8956999999999999,0.81098408791457
1516,0.8815,-1
1241,0.7436,-1
66,0.8973,0.72124889783134
658,0.8987,0.79612879528669
1950,-1,0.83252507253555
960,0.8759,-1
344,0.8964,0.79834492723702
901,1.0,0.901916066096493
1882,-1,0.84767557110429
679,-1,0.74791094469883
411,0.9866,0.933834407434917
347,0.8964,0.78300417121841
60,-1,0.8540473379077
991,0.8901,-1
1230,0,-1
1990,0.7917,0.88635299102982
381,-1,0.78576730211923
1048,0.8140000000000001,-1
450,-1,0.69566893785991
1447,0.8765000000000001,-1
70,0.8765000000000001,0.62520655499304
1740,0.9987,0.7579435571362
1773,-1,0.7077637012750599
1024,0.8972,0.84873074130704
36,-1,0.80968495700482
1340,0,-1
59,0.9845,0.87446724439932
1433,0.8966,0.81251567951655
831,0.8956,-1
1095,0.9976,-1
1285,0.9972,0.84989653423757
1677,-1,0.87806262412762
2035,0.7459,-1
1511,0.7679,-1
452,-1,0.69042594318324
850,0.8972,-1
