Id,geacron_similarity,concept_similarity
1095,-1,-1
377,-1,0.79043564616185
1199,-1,0.81607833652517
1933,-1,0.81204922420713
167,-1,0.88292810536522
426,-1,0.7551849083919799
1236,-1,-1
1809,-1,0.75221799028445
1350,-1,-1
1613,-1,0.7978881485993
177,-1,0.83758492330457
1518,-1,0.76438362702386
1665,-1,0.76157781099994
2032,-1,0.83044623785914
125,-1,0.69523627280846
572,-1,0.80375283973929
114,-1,0.59788799850582
614,-1,0.79039325078074
140,-1,0.8321363082106901
1197,-1,0.79556652727776
2105,-1,0.7899739182328
1732,-1,0.78075671322994
817,-1,0.78545431575291
383,-1,0.77694261191555
1984,-1,0.7688657501671
1644,-1,0.79807909990467
1896,-1,0.79832255800403
433,-1,0.77702934243885
1715,-1,0.7741499212177
1014,-1,0.80795181796326
1861,-1,0.79695443683354
592,-1,0.8231901907503301
2008,-1,0.82694418311433
238,-1,-1
1618,-1,0.79048521166343
1912,-1,0.79829015397719
1946,-1,-1
1476,-1,-1
704,-1,0.6810748438154199
1318,-1,0.8117758569516
554,-1,0.73507361188145
1865,-1,0.79750332441482
450,-1,0.69103244890116
1841,-1,0.767820762063
1449,-1,-1
1316,-1,0.7384710459567
1201,-1,-1
651,-1,0.78450338382471
1214,-1,-1
902,-1,0.72879138148959
1882,-1,0.79828814376338
971,-1,0.85322348114173
1023,-1,0.81806109454037
1172,-1,-1
591,-1,0.74590142050674
184,-1,0.7380236986594599
1324,-1,-1
1721,-1,0.76415129825646
1315,-1,0.75593341379202
808,-1,0.80853432926775
686,-1,-1
159,-1,0.83688684695191
1826,-1,0.7556323711209301
103,-1,0.72275817859686
1011,-1,0.81577712773545
425,-1,0.74692597586753
1675,-1,0.7774964744589
1696,-1,0.77832928485235
1459,-1,-1
1307,-1,0.7669248500953
1233,-1,0.77115607178014
1957,-1,-1
818,-1,0.84263287482995
1082,-1,0.77327448978599
1114,-1,0.84000798605062
1608,-1,0.80865922764293
163,-1,0.80682292223028
44,-1,0.81278389149653
677,-1,0.81042878481853
105,-1,0.67098049291662
1893,-1,0.7982970792858
1521,-1,-1
372,-1,0.78629075389242
792,-1,0.74470273992879
1489,-1,-1
1786,-1,0.7422036869669699
46,-1,0.76959297713339
360,-1,0.79943638633673
713,-1,0.76921485467886
1097,-1,-1
1779,-1,0.82602562125321
326,-1,-1
1798,-1,0.8600531406141501
439,-1,0.7692036460023199
738,-1,0.84998757589025
357,-1,-1
1125,-1,0.84391017213968
153,-1,-1
1740,-1,0.73530013010788
595,-1,0.80875345499371
628,-1,0.75785064871791
709,-1,0.80614778360984
1303,-1,-1
1462,-1,-1
615,-1,0.67812558810642
809,-1,0.79552287267501
228,-1,0.7641118034477901
1625,-1,0.7616722341958599
1762,-1,0.80227724111634
1598,-1,0.79742770102326
240,-1,0.73011535489223
1784,-1,0.80146105186439
875,-1,0.81684197939605
137,-1,-1
635,-1,0.77746489491092
764,-1,0.86591182512832
558,-1,0.82385622722398
622,-1,0.77969009807468
2015,-1,0.88865086703684
1389,-1,0.75139139695489
1176,-1,0.78851341945171
418,-1,0.66214493141942
32,-1,-1
1003,-1,0.77339665386298
14,-1,-1
1661,-1,0.75577937026361
1309,-1,0.74646072036053
1271,-1,-1
1560,-1,-1
1953,-1,0.7883235042990699
787,-1,0.72093055272286
1736,-1,0.80258563994735
448,-1,0.75951723918518
1044,-1,0.7281132950907601
295,-1,0.83377443293151
658,-1,0.74132927239722
1922,-1,0.7982955905789599
459,-1,0.82761887575415
632,-1,0.82843677198508
1682,-1,0.77639668775625
1968,-1,0.74937777521771
181,-1,-1
1868,-1,0.79828423668822
97,-1,0.77323494701945
1821,-1,0.81745246914118
1561,-1,-1
1654,-1,0.7464000925039
1424,-1,-1
313,-1,0.8113012946281399
1499,-1,-1
1275,-1,-1
149,-1,0.83726894413175
1022,-1,0.74332526247362
144,-1,0.71814667228088
132,-1,0.74294870442742
816,-1,0.79301661306619
2029,-1,0.82637815361874
915,-1,0.77746290797755
559,-1,0.76100289723676
1988,-1,0.74173465440809
673,-1,0.79193162716188
1563,-1,0.7480674512610199
1570,-1,0.84847088824768
582,-1,-1
115,-1,0.59365390555402
567,-1,0.74585514301873
964,-1,0.74211762235233
1884,-1,0.79694769306677
675,-1,0.81041271468709
1523,-1,-1
974,-1,0.73627776768476
1185,-1,0.79593504766047
489,-1,0.78544643600196
1494,-1,0.77505965631865
466,-1,0.6828764830262599
1278,-1,0.76602502888185
1888,-1,0.79751292757935
1512,-1,-1
1881,-1,0.79828975305787
805,-1,0.8662802603930699
956,-1,0.78591238311794
1995,-1,0.74979949248359
1021,-1,0.77763802703875
674,-1,0.76979638317509
1845,-1,0.79420088901187
273,-1,0.8069767286910801
905,-1,0.86819932159373
1143,-1,0.70158952808662
1950,-1,0.8051215604326301
205,-1,0.79796910662979
268,-1,0.74170725737584
1414,-1,-1
1015,-1,0.82909262456139
2063,-1,0.83524884852312
1441,-1,-1
419,-1,0.76397911813881
1045,-1,0.85587210520217
702,-1,0.67738196925842
1698,-1,0.77674088297373
1588,-1,0.78974223005262
1413,-1,0.7489364587698499
1103,-1,-1
1186,-1,-1
207,-1,0.7931468750826101
1149,-1,0.69531796426215
1261,-1,-1
780,-1,0.7328346094273099
1317,-1,0.74748252481079
2040,-1,0.76944899998808
1366,-1,0.75450988139102
1061,-1,0.54332787218186
129,-1,0.6605480030005799
130,-1,0.74163738114984
18,-1,0.79562368888951
1871,-1,0.79751162617224
1564,-1,0.843541000119
2041,-1,-1
1906,-1,0.79656842753696
839,-1,0.79210313725216
2097,-1,0.8013482574285999
1229,-1,0.84928697778292
1501,-1,-1
833,-1,-1
1429,-1,-1
1000,-1,0.7996339631257801
192,-1,-1
297,-1,0.81475007843438
1340,-1,-1
927,-1,0.81675884603128
1827,-1,0.75619174578436
21,-1,-1
1137,-1,-1
1986,-1,0.68862181736352
1062,-1,0.81508538308419
1746,-1,-1
549,-1,0.82809383385946
1260,-1,0.7143965054525501
1495,-1,-1
52,-1,0.77676767537359
285,-1,0.7395933864277899
1948,-1,0.6965304481644601
1602,-1,0.7977697823015499
1372,-1,-1
553,-1,0.80514655001878
1298,-1,0.80642479454205
1703,-1,0.77408728377156
854,-1,0.80450861851139
969,-1,-1
283,-1,-1
1525,-1,-1
598,-1,0.80821734439923
1364,-1,-1
618,-1,0.70109908851177
733,-1,0.86329935392198
917,-1,0.79726825547944
277,-1,0.77665423873609
882,-1,0.82779927472502
811,-1,0.88450002500877
468,-1,0.8228468202876
1069,-1,0.82506158785151
1664,-1,0.6699850720720499
1850,-1,0.79828047860122
151,-1,0.86603178372587
1583,-1,-1
436,-1,0.73143754531054
1262,-1,0.79424243598414
1468,-1,0.79846638887147
1477,-1,-1
1067,-1,0.80344857917297
472,-1,0.80275627303963
1270,-1,0.81775988729422
1070,-1,-1
1694,-1,0.77639509058059
1917,-1,0.79658453914266
919,-1,0.79725738225611
1595,-1,0.80836119072735
1046,-1,0.73657373189522
807,-1,0.79935595803667
282,-1,0.7453162447319099
1493,-1,-1
920,-1,0.7616095264977
1430,-1,0.82170331591316
279,-1,0.73459157476657
1869,-1,0.79421167710851
71,-1,0.80064529097005
1687,-1,0.77749172020637
1211,-1,-1
1808,-1,0.75435108607558
2098,-1,0.8013433256747
1647,-1,0.81012207386701
4,-1,-1
1194,-1,0.7630060123957401
801,-1,-1
1164,-1,-1
309,-1,-1
931,-1,0.81674958091093
91,-1,0.6850435072704699
1009,-1,0.76876066416955
1085,-1,0.78776788933668
1578,-1,0.86020142642292
789,-1,0.7842761529528199
1135,-1,-1
160,-1,0.79269672262386
1704,-1,0.77674387079346
1900,-1,0.79657981572602
947,-1,0.80352396960365
1515,-1,-1
1902,-1,0.7983256806924
412,-1,0.76407027990712
2090,-1,0.8013759507248099
705,-1,0.8435276580647499
1794,-1,0.82599817625113
1310,-1,0.79771314296707
599,-1,0.8274821102707
1060,-1,0.8550104136096
413,-1,0.80557705700851
1145,-1,0.81194802254065
793,-1,0.74933662004805
211,-1,0.72834194153398
921,-1,0.72376759983701
112,-1,0.60589208557375
650,-1,0.8147077835212
871,-1,-1
2037,-1,-1
1994,-1,0.74340480965324
2,-1,-1
691,-1,0.67499249013352
1296,-1,0.7807723342919299
67,-1,0.7611124229544299
982,-1,0.7936524018951
1385,-1,0.7390356034815899
1876,-1,0.7965755627216999
1923,-1,0.79829277606172
1086,-1,-1
342,-1,0.7791167144754501
397,-1,0.78256512896263
263,-1,0.76525987014872
1931,-1,0.7470078224498999
895,-1,0.79994866677254
1286,-1,0.80535655646335
1074,-1,-1
1992,-1,0.81212346055852
972,-1,0.8125075805859
1263,-1,-1
1768,-1,0.69322198326663
841,-1,-1
1972,-1,0.8219910222499001
1306,-1,0.74155951104353
1041,-1,0.78638234761109
53,-1,0.80936224970779
1717,-1,0.77762005870259
80,-1,0.74886949562766
1925,-1,0.79829836518163
1744,-1,-1
1858,-1,0.79657059691196
146,-1,-1
435,-1,0.74708955636092
375,-1,0.75672393370257
1213,-1,0.77152872813558
165,-1,0.80645361730724
1291,-1,0.7849045155326599
1733,-1,0.75646466795685
98,-1,0.74075281684886
845,-1,-1
948,-1,0.74331967826089
1586,-1,0.78508337179356
201,-1,0.83902865744763
1905,-1,0.79420249301131
1627,-1,0.7937518812077999
1055,-1,-1
1290,-1,0.78488349694625
1371,-1,-1
40,-1,0.73532029518234
1121,-1,0.82228856754012
34,-1,-1
1008,-1,0.77124660594232
493,-1,0.64546521670251
952,-1,0.7269523433006899
1155,-1,0.68748402715851
900,-1,0.82975820065387
136,-1,0.79663983817188
224,-1,0.8129515412899699
1747,-1,-1
256,-1,0.78356093275449
39,-1,0.78027783453916
2103,-1,0.7899736950071801
451,-1,0.74917509274084
1373,-1,-1
989,-1,0.7912511875599499
402,-1,0.81712201708791
1914,-1,0.7969585566576
1500,-1,-1
434,-1,0.79468013535342
401,-1,0.7695570457753
1556,-1,0.68362046509401
1526,-1,-1
173,-1,0.8299976499239801
1799,-1,0.7261535709102
317,-1,-1
1072,-1,0.77007536235465
973,-1,0.81251047996342
1855,-1,0.79695713538561
555,-1,0.6777649791175999
374,-1,0.74711445927426
979,-1,0.81167678513674
898,-1,0.82217978282023
729,-1,0.86839186979142
1683,-1,0.7781261451893899
157,-1,0.79596644446517
1765,-1,0.82366796867503
209,-1,0.7789595593193099
1597,-1,0.80835952997816
1641,-1,-1
784,-1,0.7530043434313201
1326,-1,-1
1338,-1,-1
1630,-1,0.77680565960007
846,-1,0.86974372270584
836,-1,0.80534990644161
1417,-1,0.79646915425216
241,-1,0.7952446598677401
1328,-1,-1
934,-1,0.81673050382279
1212,-1,-1
1847,-1,0.79749379080238
879,-1,0.8113141056209701
1587,-1,0.78607656248075
1432,-1,-1
1971,-1,0.75696338298323
945,-1,0.72695049520176
1766,-1,0.77172103727151
1790,-1,-1
1848,-1,0.79833142668222
1378,-1,-1
150,-1,0.82464831149017
1254,-1,0.78840627173078
1616,-1,0.7958091523165101
983,-1,0.82977192793381
1154,-1,0.61293138821424
1553,-1,-1
1012,-1,0.81598440871876
831,-1,-1
423,-1,0.75108741292025
1382,-1,0.76149808402138
2013,-1,0.88911512605045
695,-1,0.66736833863876
1792,-1,0.8128006913007599
1833,-1,0.80290289833649
1223,-1,0.7245027848021399
84,-1,0.73618970767545
1051,-1,-1
1695,-1,0.77814123740414
1349,-1,-1
299,-1,0.79847301990893
1555,-1,0.80087723786622
161,-1,0.79789667942749
703,-1,0.73936542993463
545,-1,0.70000441894589
698,-1,0.76925226973642
1572,-1,-1
602,-1,0.74104880346504
1810,-1,0.7409268421481601
2093,-1,0.80134312521824
1907,-1,0.7965728495566899
883,-1,0.84057308146538
832,-1,0.8011086571709101
1788,-1,0.82005435640449
748,-1,0.85297941095688
876,-1,0.82947873294581
1352,-1,-1
1544,-1,-1
1362,-1,-1
1603,-1,0.80853964997662
1890,-1,0.79696200593441
533,-1,-1
1038,-1,0.7638290781979999
88,-1,0.73503400907184
1558,-1,0.7910157579199
596,-1,0.83388593537376
1546,-1,0.75956689060165
1935,-1,0.8023420541744299
745,-1,0.8236730668225
1668,-1,0.81138242971519
1314,-1,0.80983388725377
1312,-1,0.79198565074494
1496,-1,-1
1891,-1,0.79696926692539
1131,-1,-1
1844,-1,0.7684816096760401
1177,-1,0.84354149506194
2092,-1,0.80137627768031
874,-1,-1
1363,-1,-1
1032,-1,-1
868,-1,0.8162592275861
992,-1,-1
767,-1,0.83940037116738
292,-1,0.76117374312467
737,-1,0.69650514681393
1838,-1,0.80552657050095
1105,-1,0.7894029864863
330,-1,0.82468720208711
1649,-1,0.78621278427259
74,-1,0.7732125100567799
17,-1,0.78668486679102
287,-1,0.7729918540345
1883,-1,0.79829064822045
1028,-1,0.8304120178600101
1356,-1,0.72017479826536
305,-1,0.7779043361851901
1886,-1,0.79658460905737
1633,-1,-1
997,-1,0.8315986261335
453,-1,0.7351080463777899
210,-1,-1
1398,-1,-1
1547,-1,0.73000461956838
1311,-1,0.79094903193198
858,-1,0.8066722960316199
857,-1,0.79816291944654
411,-1,0.79425653917892
94,-1,-1
1585,-1,0.7461429104358299
221,-1,0.7873297093615
754,-1,-1
1168,-1,0.8714644449419899
563,-1,0.78524393742901
1658,-1,0.78557771059619
2068,-1,0.906367425839037
1331,-1,0.80740989119688
102,-1,0.6612307960516
1846,-1,0.7965724869177799
199,-1,0.83240461111357
1110,-1,-1
1773,-1,0.68601294277541
1940,-1,0.79233013673443
1859,-1,0.79750256817674
1875,-1,0.79421480000956
933,-1,0.81675144710721
1542,-1,0.77703926828429
1325,-1,0.80095524728253
892,-1,-1
278,-1,0.78420149347918
1224,-1,0.80928806629107
191,-1,0.83057494632261
1054,-1,-1
242,-1,0.7839803077217999
183,-1,0.85792318454516
721,-1,0.82997944321707
870,-1,-1
960,-1,-1
1628,-1,0.79379776957044
608,-1,0.7832881482295699
575,-1,-1
1010,-1,0.80076210145707
148,-1,-1
1187,-1,-1
1222,-1,0.76411192514031
757,-1,0.903939778948936
1089,-1,-1
2007,-1,0.82694042323043
225,-1,-1
942,-1,-1
603,-1,0.84742826201995
1582,-1,0.8172452910407599
1455,-1,0.8074477786838801
612,-1,0.78560109141089
976,-1,0.83086696934765
204,-1,0.84064242288142
1383,-1,0.82314086262497
1464,-1,0.80245293993435
1778,-1,0.78559814802615
386,-1,0.76230408318499
923,-1,0.81672865312384
2024,-1,0.81231449583757
629,-1,0.77588189392928
258,-1,0.76133601452007
1047,-1,0.85181713419489
223,-1,0.80038347537637
1251,-1,0.79122695474076
640,-1,0.72894309482885
138,-1,-1
318,-1,0.82767862893697
1832,-1,0.80717342404363
1749,-1,-1
1225,-1,-1
623,-1,0.77968842608052
1180,-1,-1
1761,-1,0.7836262241174801
897,-1,0.81390845200994
1699,-1,0.77749406444378
444,-1,0.80408685470931
1631,-1,-1
1880,-1,0.79695641780941
540,-1,0.80454271956622
346,-1,0.76956657758098
1757,-1,-1
96,-1,0.80791446023892
1538,-1,0.7057560658967901
391,-1,0.69890356000249
254,-1,0.7490386806046
779,-1,0.82489090924203
1472,-1,0.7691196808885
1774,-1,0.7204073134751701
362,-1,0.79349124326966
819,-1,0.81609056152558
1418,-1,0.7916813856125
1955,-1,0.7786176599664301
837,-1,0.82761949234278
368,-1,0.7938338036838299
10,-1,-1
914,-1,0.79547500797215
414,-1,0.74082520560639
661,-1,0.79769812362257
594,-1,0.84304679213426
99,-1,0.66094187756363
1936,-1,0.76793959529983
1354,-1,0.7360938911824599
802,-1,-1
848,-1,0.83751947107686
946,-1,0.77323324325845
1626,-1,0.74803733350084
1281,-1,0.76562526785504
260,-1,0.76503235372821
50,-1,0.81462597487342
1970,-1,0.71403353858676
41,-1,0.7972384920138
100,-1,0.6682811040621299
548,-1,0.80464423162218
1864,-1,0.7965698321772801
250,-1,0.75405829959347
2038,-1,0.80414519928871
231,-1,0.78034504780172
1942,-1,0.81831216475364
1524,-1,-1
654,-1,0.82793403026094
2001,-1,0.74299543251347
1115,-1,0.84014578212024
1184,-1,0.73103980460127
424,-1,-1
2025,-1,0.81338717970349
406,-1,0.7064294274999501
1112,-1,0.84000591190442
300,-1,0.7993770178609401
1897,-1,0.79833136953311
288,-1,0.78858953583681
169,-1,0.83118879933239
259,-1,0.7673264784424401
768,-1,0.82966684514637
353,-1,0.7892079311521
866,-1,-1
458,-1,0.8127523162261
465,-1,0.8056298992276
378,-1,0.79425724099067
72,-1,0.8031446171147401
76,-1,0.85223579621282
158,-1,0.8004685236194999
333,-1,-1
457,-1,0.80302708045825
1375,-1,0.81836388781473
2078,-1,0.88879569145439
1898,-1,0.76844709031211
788,-1,-1
1344,-1,0.74294938683803
1288,-1,0.80361928977949
1758,-1,-1
1679,-1,0.7740942614842801
1169,-1,0.7979210288708
1943,-1,0.7961091870807699
1962,-1,0.75012230734626
113,-1,0.6034604933737999
547,-1,0.75223035555709
899,-1,0.8097726954387
1901,-1,0.79750973377636
1795,-1,0.80161841994897
1411,-1,0.81244773677132
1609,-1,0.7985214129780001
1919,-1,0.7983395168184
1817,-1,0.77668943592147
128,-1,0.7315610683878899
369,-1,0.79610877222967
1514,-1,0.83741846393329
1132,-1,-1
639,-1,0.7824076806083899
1157,-1,0.76777025407632
683,-1,0.65648316208897
986,-1,0.83926913398327
42,-1,0.82853008102835
187,-1,0.7609985261990599
376,-1,0.7940885648767599
1660,-1,0.75207692895039
922,-1,0.81674032861914
1554,-1,0.79991115778113
659,-1,0.8002832055017
1782,-1,0.79383151953354
2894,-1,-1
1949,-1,-1
561,-1,0.8036429702979699
1020,-1,-1
1938,-1,-1
1591,-1,0.8076229871172
1651,-1,0.70513906800267
454,-1,0.80559136678224
891,-1,0.81673299851649
1396,-1,0.80929779695224
751,-1,0.82435187834252
1138,-1,-1
1822,-1,0.6802740055688901
988,-1,0.80189415939201
1764,-1,0.80040535432035
1531,-1,0.75967411554648
1812,-1,0.7498641401617601
1966,-1,0.7627096544685
222,-1,0.7594633642701
422,-1,0.7534641192368701
270,-1,0.77213317295653
1206,-1,0.82480276023011
2033,-1,0.79953750326664
156,-1,0.82479714344197
1401,-1,0.76133197158853
936,-1,0.81675449177494
86,-1,0.7137103291285101
2006,-1,0.82835540495653
1367,-1,-1
1031,-1,0.72394189388193
740,-1,0.74815766346016
1448,-1,0.80584245209177
45,-1,0.81705960140376
1592,-1,0.79721470864967
1120,-1,0.84263725010497
147,-1,0.82444065727186
120,-1,0.60618831462461
286,-1,0.7393472252436
741,-1,0.76783728933859
1078,-1,0.82517671265056
1581,-1,0.79715800028955
681,-1,0.83017654641849
1604,-1,0.79798970524719
1144,-1,0.74743166910918
1748,-1,-1
759,-1,0.9980748327721601
1929,-1,0.7994166912491301
619,-1,0.74445843261649
1188,-1,0.78754920788766
438,-1,0.80151893780283
1686,-1,0.77673908661
1293,-1,0.78507758550499
1575,-1,0.77125681700853
1285,-1,0.78254233951078
443,-1,0.81667016050289
143,-1,0.76939938863294
679,-1,0.74059598511716
2069,-1,0.89686256017393
1301,-1,-1
995,-1,-1
2085,-1,0.83809838849619
1127,-1,0.78392950828273
1387,-1,-1
798,-1,-1
1218,-1,-1
214,-1,0.7640766297899599
267,-1,0.76270414917133
1723,-1,0.76771923587456
1057,-1,0.70540031103916
1536,-1,0.7375095516693899
194,-1,0.89444855255246
284,-1,0.7405325554443001
1052,-1,-1
1580,-1,0.76744915083022
348,-1,0.7650543916679999
1035,-1,0.8088623974014499
2073,-1,0.8968640988138
1965,-1,0.75976967530628
1690,-1,0.77833126226093
1066,-1,-1
1737,-1,0.77537438543491
959,-1,-1
78,-1,0.73924556890198
1771,-1,0.77541675612145
394,-1,0.77595529055606
294,-1,0.79712710998408
765,-1,0.87925698851457
2036,-1,-1
1520,-1,0.7158422791311401
718,-1,0.8186461569405
1465,-1,0.76557573062228
1781,-1,0.8060234329024201
806,-1,0.79624931413176
1928,-1,-1
1836,-1,0.7992309684675
576,-1,-1
1471,-1,-1
1702,-1,0.77832217853066
1327,-1,0.77141379077823
152,-1,0.77630250908652
2056,-1,0.82711073147827
327,-1,0.54864373980052
215,-1,0.7984447617668
2055,-1,0.889115537029
1148,-1,0.6120615921969099
1951,-1,-1
1208,-1,0.8280535172386501
1835,-1,0.79874407512037
688,-1,-1
1283,-1,0.76924425251227
1551,-1,0.75017992791216
1763,-1,0.7250129878406
1104,-1,-1
2107,-1,0.80033996883218
492,-1,0.78615281541742
1685,-1,0.77410564291017
9,-1,-1
648,-1,0.79860566121554
1759,-1,-1
1230,-1,-1
1323,-1,0.74002640007567
2039,-1,-1
1219,-1,-1
916,-1,0.80042986394916
23,-1,0.7488846404992799
886,-1,-1
89,-1,0.78943381541109
1484,-1,0.78079562210791
33,-1,0.85777906700375
1434,-1,-1
35,-1,0.84441435688634
1669,-1,0.77171986578893
1840,-1,0.7666767253389299
537,-1,0.75869663943098
65,-1,0.72630988210952
1083,-1,0.78044757426875
1228,-1,0.83196032644322
1480,-1,-1
1153,-1,0.75245881537208
1351,-1,-1
1203,-1,0.80593037427629
1541,-1,0.7187668077181499
1402,-1,-1
1335,-1,-1
1467,-1,0.79306316571877
1565,-1,0.71763036066874
1004,-1,-1
251,-1,0.7407941244606999
2066,-1,0.907588642043412
588,-1,0.7374907803802799
174,-1,-1
189,-1,0.80299124514353
607,-1,0.79797453225813
1697,-1,0.77409444792875
794,-1,0.78781729467212
1667,-1,0.80933463658872
851,-1,0.75004340385503
1466,-1,0.77828238675921
1337,-1,-1
1487,-1,-1
2011,-1,0.904449144262495
387,-1,0.7577464396217
600,-1,0.71599010097009
1013,-1,0.75745682935396
1593,-1,0.80807850293602
724,-1,0.86481284795576
626,-1,0.74421676144508
217,-1,0.76679847663934
542,-1,0.83482508333288
1336,-1,-1
1289,-1,0.73520928959233
1064,-1,0.55083908309957
1726,-1,0.76859123000112
1151,-1,0.62802890630906
385,-1,0.80039653308044
404,-1,0.77301137926495
1394,-1,-1
930,-1,0.816745779618
291,-1,0.8309156305008
95,-1,0.78381969563354
1961,-1,0.79810984997857
1453,-1,0.77874810164648
1751,-1,-1
1098,-1,-1
642,-1,0.79863343328195
814,-1,0.85376724825786
1533,-1,0.87676729291003
1915,-1,0.79421826769661
303,-1,-1
570,-1,0.78967480398966
1814,-1,0.75032832762158
1,-1,-1
182,-1,-1
1474,-1,-1
1360,-1,-1
1952,-1,0.77348256502004
1904,-1,0.79829353780765
1800,-1,0.78583335630965
370,-1,0.76868986213145
824,-1,-1
864,-1,0.80008458339507
1724,-1,0.76659631653697
51,-1,0.86130600346737
949,-1,0.74330011455262
61,-1,0.82385096284808
1527,-1,-1
331,-1,0.86891763342545
564,-1,-1
885,-1,0.81788473930991
22,-1,0.8193403557057
749,-1,0.84410546826449
1438,-1,0.80864874946375
1797,-1,0.81464022337029
233,-1,0.78170185476157
244,-1,0.79455344109007
1347,-1,-1
1921,-1,0.79696884137046
1801,-1,0.8386681243704
190,-1,0.8065406374572
611,-1,0.7839899110092801
725,-1,0.86606767393354
2075,-1,0.89942277781883
924,-1,0.8167457131622
720,-1,-1
1738,-1,0.73529928003633
166,-1,-1
381,-1,0.74867962664999
310,-1,-1
384,-1,0.78946270704066
1272,-1,0.76619869643272
92,-1,0.80111946535524
264,-1,0.7698334493426899
1681,-1,0.77747754493099
352,-1,0.7835068517595201
849,-1,-1
1659,-1,0.7169067945682299
1220,-1,-1
1612,-1,0.78184586915847
1637,-1,-1
1804,-1,0.68963248749805
913,-1,0.79772891371416
1481,-1,-1
1420,-1,-1
813,-1,0.79812237477492
361,-1,-1
716,-1,0.7926318521821301
1842,-1,0.7686773042873
449,-1,0.7420992498715899
1190,-1,0.79294155923301
1767,-1,0.7405942324250601
49,-1,0.8056113475916
178,-1,-1
734,-1,0.87626140726541
785,-1,0.83001477320921
980,-1,0.80206142255998
1050,-1,0.8093688260722001
660,-1,0.68398703146617
616,-1,0.6756941027096299
1895,-1,-1
1624,-1,0.7602143203441301
1017,-1,-1
890,-1,0.8144487535304901
1454,-1,0.7874381724792
364,-1,0.7875400266093899
417,-1,0.82017697500551
862,-1,-1
1357,-1,-1
1094,-1,0.78373625650129
1599,-1,0.80826123499669
861,-1,-1
1182,-1,-1
746,-1,-1
699,-1,0.65903621877403
1640,-1,-1
1656,-1,0.80033519436993
1517,-1,0.8292939410961
19,-1,-1
529,-1,0.8386219697665
355,-1,-1
605,-1,0.84326245286981
440,-1,0.75257587068373
1124,-1,-1
1806,-1,0.7090915470156001
1969,-1,0.71716833243979
2027,-1,0.82711602087196
583,-1,-1
1088,-1,0.8238586984183001
293,-1,0.82443147835635
1258,-1,0.7784957458805
37,-1,0.78686753931521
116,-1,0.6052420238282901
1179,-1,-1
336,-1,-1
87,-1,0.71576141166167
1320,-1,0.79072066180749
1381,-1,0.79361614870291
1829,-1,0.7562758899154101
247,-1,0.76982534462772
584,-1,0.84283779047727
1862,-1,0.79828646841444
2058,-1,0.80973865544072
1333,-1,0.80487875037181
382,-1,-1
1111,-1,-1
2059,-1,0.83524796931181
530,-1,-1
28,-1,0.73958002995198
261,-1,0.76821844900478
185,-1,0.76099467989091
2017,-1,0.80835717130933
1036,-1,0.76288173753143
1530,-1,0.80222700200902
1365,-1,0.76170078593302
220,-1,0.75285167220393
1863,-1,0.7942078075783
104,-1,0.71554417765762
1447,-1,-1
164,-1,0.8487025616314801
59,-1,0.77721787782935
735,-1,0.86098246707953
842,-1,-1
1803,-1,0.7159052315162899
1049,-1,0.70070499763062
1954,-1,0.79439032757956
1122,-1,0.84752817285859
590,-1,0.82555002011419
1559,-1,-1
427,-1,0.75388008288429
1166,-1,0.80573488310969
193,-1,0.80994339963604
1079,-1,0.82388569033526
245,-1,0.78392904334346
1652,-1,0.7316907489278
1503,-1,-1
197,-1,0.83277457757422
1300,-1,-1
367,-1,0.79330820525026
1504,-1,0.7315202076798499
322,-1,0.77635098548539
577,-1,0.7988429276630999
432,-1,0.74228513693282
586,-1,-1
1399,-1,0.80937984200632
134,-1,-1
141,-1,0.85079122730741
416,-1,0.84598251443666
2031,-1,-1
55,-1,0.81330600133581
1099,-1,-1
1200,-1,0.75257560628929
1947,-1,-1
281,-1,0.77120167262377
2016,-1,0.88865169452911
1445,-1,0.80544773879607
950,-1,0.7269562669063601
2012,-1,0.89872726548109
1087,-1,-1
1716,-1,0.77694956103717
852,-1,0.80763796332644
617,-1,0.67854620915262
1353,-1,0.68564593277193
343,-1,0.79611598606361
123,-1,0.7206965672511201
1379,-1,0.82027802442917
1677,-1,0.7781405017177601
1878,-1,0.7975057548544899
778,-1,0.7941479511801199
2014,-1,0.89005775198513
1705,-1,0.77748774838653
441,-1,0.79700492900938
445,-1,0.7439268453240699
124,-1,0.80428958605098
1001,-1,0.81348200468595
73,-1,0.76417582237025
796,-1,0.7441104558252001
2042,-1,-1
1386,-1,0.8155004943736199
539,-1,0.7851188073022299
821,-1,0.80301622309158
1605,-1,0.80862678433999
2096,-1,0.80136566380124
1753,-1,-1
1819,-1,0.77494907912586
999,-1,0.65621121053998
1662,-1,0.8152508764771
1785,-1,0.7415708629704
108,-1,0.64125887103634
230,-1,0.78141654284515
1507,-1,0.73889967551232
1361,-1,-1
325,-1,0.85587320674778
1080,-1,-1
800,-1,-1
2021,-1,-1
30,-1,0.74888633169093
766,-1,0.80996889254704
925,-1,0.81674423678953
1241,-1,-1
403,-1,0.75158716418379
162,-1,0.8413201477559
1945,-1,0.765177333665
1783,-1,0.74066092495196
850,-1,-1
762,-1,-1
1198,-1,0.80927718453241
1727,-1,0.80045497741114
552,-1,0.81588943050775
1722,-1,0.76697710354873
773,-1,0.7421168941761
1025,-1,0.8364820438749
56,-1,0.80099723037549
967,-1,0.80625329735554
175,-1,0.82434087092512
47,-1,0.82253620889636
1425,-1,0.7206344670084299
1077,-1,0.8251919731383199
1569,-1,-1
1255,-1,-1
265,-1,0.76859699283799
1240,-1,-1
951,-1,0.7433132414829999
652,-1,0.81657735683628
604,-1,0.8064152154224
1926,-1,0.79194504059972
452,-1,0.6694355106940599
929,-1,0.81675489535394
1345,-1,-1
893,-1,-1
1016,-1,0.77945337684009
2089,-1,0.83809781107142
689,-1,-1
1412,-1,0.7427129259312699
1259,-1,-1
1939,-1,0.7812151699648799
1805,-1,0.82549755968621
1370,-1,-1
1377,-1,-1
226,-1,0.7415206658134901
1745,-1,-1
965,-1,0.79801620644427
1568,-1,-1
235,-1,0.74281494991855
955,-1,0.78330995990118
274,-1,0.8356040471394199
464,-1,0.7970080306192899
1183,-1,-1
1663,-1,0.77472566401029
935,-1,0.81674696737186
1193,-1,0.76544220287567
1874,-1,0.79829439268878
271,-1,0.78105321784462
906,-1,0.83821400605957
1562,-1,-1
1857,-1,0.7942020868751
663,-1,0.68564399872891
1174,-1,-1
1552,-1,0.78231558278266
2061,-1,0.83455456150236
1159,-1,0.77275214720553
587,-1,0.7353787365572799
1403,-1,0.7953458069357799
1329,-1,-1
696,-1,0.70224321157451
1245,-1,0.82779044734605
2020,-1,0.77435743547436
1106,-1,0.80532004455682
829,-1,-1
859,-1,0.81200268411652
248,-1,0.77969208233054
1421,-1,0.75388652236491
2019,-1,0.80962861201866
939,-1,0.81533780413696
1113,-1,0.84014140310019
1460,-1,0.83414845532544
347,-1,0.77198604649556
70,-1,0.60050436534228
332,-1,0.87441284750469
1119,-1,-1
1634,-1,-1
1516,-1,-1
996,-1,-1
1235,-1,-1
990,-1,0.79123158963729
1601,-1,0.80856025344111
750,-1,0.82662204913852
1741,-1,-1
1209,-1,0.83711914179908
1018,-1,-1
1887,-1,0.79658483814367
1397,-1,0.70172441751395
687,-1,-1
1419,-1,0.80426007099326
1076,-1,0.82799935835685
2102,-1,0.78304552791172
437,-1,0.74228927267553
1623,-1,0.80633450075354
880,-1,0.80299230171623
195,-1,0.82454996503757
987,-1,-1
1993,-1,0.8050316792882399
645,-1,0.80388336049508
2079,-1,0.88974931334216
1109,-1,0.7942616581397
1178,-1,-1
1404,-1,0.7588449160805499
1693,-1,0.77750063158432
1390,-1,0.7570188668394899
760,-1,0.83081521208738
776,-1,0.7919254606757
1234,-1,-1
1639,-1,-1
1058,-1,-1
1266,-1,-1
940,-1,0.74384020836495
1725,-1,0.76842330323973
1635,-1,-1
1852,-1,0.7965699736094201
1666,-1,0.7621305092299799
57,-1,0.77103974928521
1550,-1,0.72224722401695
797,-1,0.79462799742594
536,-1,0.8028947530367601
985,-1,0.77240930205064
262,-1,0.75700880611721
1002,-1,-1
1691,-1,0.77410378052837
1167,-1,0.87216601193321
1451,-1,0.78448366492569
1534,-1,0.71712586663068
769,-1,0.7982193945543901
219,-1,0.7668074919105
400,-1,0.67629730180981
1284,-1,0.7631633409761001
863,-1,0.81086795796259
1920,-1,0.79695537468657
1932,-1,0.81752964441254
722,-1,0.8628544309619
1908,-1,0.79750621709616
1610,-1,0.80921297523682
27,-1,0.76015847747619
1728,-1,0.78522107916992
118,-1,0.6963859469787099
656,-1,0.71596882426775
1973,-1,0.6941648293778899
1684,-1,0.77832798022793
834,-1,0.82388077026622
1107,-1,0.7714033990947899
706,-1,0.7074990737497899
2065,-1,0.902835412712262
227,-1,-1
1643,-1,-1
1657,-1,0.80743389926719
335,-1,-1
1837,-1,0.8054308423294401
782,-1,0.74826386267383
2002,-1,0.78303653481905
2070,-1,0.89785436948387
179,-1,0.80525967099706
1671,-1,0.75597297835703
1332,-1,0.80294046408679
926,-1,0.81675084188238
1024,-1,0.81630288883487
1463,-1,0.80212425829616
2062,-1,0.83455767609658
550,-1,0.7303337240052701
155,-1,0.79344684004594
523,-1,-1
54,-1,0.80996120768096
75,-1,0.79004459553484
1918,-1,0.79751716017214
1975,-1,0.77150275015541
168,-1,0.85823758464892
1348,-1,-1
127,-1,0.75702245738835
694,-1,0.76470963401474
198,-1,0.81751649161257
462,-1,0.80735948596289
430,-1,-1
690,-1,-1
1346,-1,0.75179931224692
1268,-1,0.77935548061292
928,-1,0.8167486198135601
1195,-1,-1
630,-1,0.75735091264466
634,-1,0.81131192038137
69,-1,0.75342836162802
887,-1,0.83165220417028
1818,-1,0.76778612952401
1646,-1,0.78973057944783
389,-1,0.77798009673115
405,-1,0.82853372288362
312,-1,0.80247397103533
5,-1,-1
830,-1,0.80972200317653
1589,-1,0.77425095418809
700,-1,0.67904615693599
1039,-1,0.80336268961763
2080,-1,0.8883249504820601
2094,-1,0.80135778775143
1982,-1,0.7957596222683501
761,-1,0.83930724309503
822,-1,0.76009475847064
1796,-1,0.78977278604129
1619,-1,0.80300361179179
1823,-1,0.7397656306111
1232,-1,0.82884532599153
36,-1,0.81396330730754
1065,-1,-1
1431,-1,0.80347614439254
257,-1,0.7857224159417899
1343,-1,0.69653441241325
390,-1,0.76993696816062
186,-1,0.7732543578197
1269,-1,-1
889,-1,0.76207742909673
538,-1,0.78245544791196
1287,-1,0.78928030157716
717,-1,0.7852181868908
772,-1,0.71360901540859
1092,-1,-1
631,-1,0.77663616586668
2095,-1,0.80137067546468
676,-1,0.78300008658157
908,-1,0.73813687341479
1308,-1,0.74646310727622
534,-1,0.79633200989355
1706,-1,0.77638800067211
1450,-1,0.8103061366730799
1750,-1,-1
932,-1,0.81673595532642
1173,-1,-1
1295,-1,0.7899715507655
1313,-1,0.79320617400711
1576,-1,0.77236392102718
728,-1,0.85166635867117
653,-1,0.83995178558174
551,-1,0.77380862111575
60,-1,0.79411284485954
1853,-1,0.7974975753214
1889,-1,0.7983407520108801
2053,-1,-1
1231,-1,-1
620,-1,0.6939409999973201
1388,-1,0.7306963422335899
644,-1,0.81968475995456
1673,-1,0.77409129309543
1911,-1,0.79829094050464
298,-1,0.80806636944178
237,-1,0.7962135625653199
328,-1,0.84960733324077
1297,-1,0.80470765276473
1978,-1,0.71363244930338
392,-1,0.79544159838659
1963,-1,0.77717897013924
1342,-1,-1
1645,-1,0.8088169588355
1442,-1,0.82633826165046
142,-1,0.78430532383367
1787,-1,0.78911501866348
2060,-1,0.83597979203502
1632,-1,-1
212,-1,0.75848567917328
2022,-1,0.71841073205566
1584,-1,-1
1181,-1,0.78919129227493
1128,-1,0.82659702452407
1777,-1,0.7524333815482
461,-1,0.79323858592223
85,-1,0.7408503183292701
206,-1,0.796853390679
1802,-1,0.80078815177978
1511,-1,-1
1146,-1,0.770967246313
1510,-1,0.74668547152662
1446,-1,0.81298526803496
1614,-1,0.80866039108163
1136,-1,-1
1123,-1,0.83557506702718
1742,-1,-1
1735,-1,0.78318685206119
977,-1,0.79605605270713
958,-1,-1
421,-1,0.74310577556449
799,-1,-1
521,-1,0.78117390297153
1034,-1,0.74564713283391
1380,-1,-1
340,-1,-1
344,-1,0.78260476984557
1030,-1,0.81490607637313
6,-1,-1
984,-1,0.82513999878921
823,-1,0.83955500473627
646,-1,0.79860770027618
1334,-1,-1
903,-1,0.80786223747963
388,-1,0.8244336570791599
1369,-1,-1
2030,-1,0.82638499167322
1791,-1,-1
1202,-1,0.81610978088434
1160,-1,0.73562284649068
1416,-1,-1
865,-1,0.81135528532393
1150,-1,0.6821667746268101
1998,-1,0.74022486105719
1033,-1,-1
1913,-1,0.79828877568055
1108,-1,-1
1246,-1,0.8206010360163
843,-1,-1
981,-1,0.79650268423189
1027,-1,0.82852822865653
24,-1,0.72632359604331
739,-1,0.7879158284716901
1470,-1,0.80454101896207
1252,-1,0.839865383441
1577,-1,0.80908656960938
83,-1,0.70392575844479
1811,-1,0.75639554483001
1161,-1,0.69719791629403
1620,-1,0.81882092226037
1877,-1,0.79657273696319
1916,-1,0.79657844836072
431,-1,0.78452577782944
341,-1,0.7824936115129499
838,-1,0.81828550527439
1958,-1,-1
589,-1,0.82534000856635
1410,-1,-1
216,-1,0.77244880354082
252,-1,0.75152319160488
1532,-1,0.77527670388299
145,-1,0.80642567211846
786,-1,0.8519441911699099
1979,-1,0.74611810256685
1090,-1,-1
306,-1,0.81800375488317
8,-1,-1
2099,-1,0.80135295724339
2074,-1,0.89460077318096
1770,-1,0.83548997352913
253,-1,-1
1594,-1,0.79751477732952
828,-1,-1
1820,-1,0.72952257303654
791,-1,0.83274331700792
1368,-1,0.83050112037065
2104,-1,0.78304787584131
1789,-1,0.80691350088459
753,-1,0.83229391908844
1967,-1,-1
763,-1,0.86625102861038
1129,-1,0.79724002246423
1941,-1,0.80358242798656
1653,-1,0.80746439207119
1171,-1,0.66575368504017
1607,-1,0.79801690514592
311,-1,0.8106029492058899
1743,-1,-1
345,-1,0.7640018731646501
1909,-1,0.79832905788835
1718,-1,0.77655829866383
1638,-1,-1
202,-1,0.81265997614891
363,-1,0.7671191532680199
723,-1,0.7495451190661799
991,-1,-1
1490,-1,-1
1406,-1,-1
1730,-1,0.80276754488588
1029,-1,0.83599097388466
1535,-1,0.74374187791596
350,-1,0.79745760226223
1134,-1,0.82021059761326
1274,-1,-1
881,-1,-1
316,-1,0.7933292277099
1825,-1,0.7911857905958299
1118,-1,-1
79,-1,0.783066985076
1831,-1,0.79398833077525
1226,-1,0.75199656856547
884,-1,0.83947204997979
1158,-1,0.72356031421375
1053,-1,-1
680,-1,0.7413222663083501
1776,-1,0.81163474567745
613,-1,0.75665372563458
544,-1,-1
1793,-1,0.8086116224652
896,-1,0.84605151735719
275,-1,0.77487000718074
1769,-1,0.81747056567331
1478,-1,-1
1322,-1,0.76435405724543
349,-1,0.80058895300431
1156,-1,0.63430282462384
1210,-1,-1
1063,-1,0.8235136498473901
11,-1,-1
1959,-1,-1
1600,-1,0.79776424499051
354,-1,0.78484567856287
961,-1,0.86285292558034
1513,-1,-1
638,-1,0.76779726571267
1282,-1,0.76801929053996
1816,-1,0.8591674074274
366,-1,0.76016357056255
1755,-1,-1
2101,-1,0.80357881997232
1341,-1,-1
937,-1,0.81674294669473
743,-1,0.81129598141601
1937,-1,-1
101,-1,0.80361956286704
1321,-1,0.79071470650432
569,-1,-1
2067,-1,0.912296149391011
1142,-1,0.77617212192331
827,-1,-1
877,-1,0.74734591609889
307,-1,0.81261905668192
1981,-1,0.7100945914424
697,-1,0.78838571169765
1596,-1,0.79754519154422
744,-1,0.74476429858804
2077,-1,0.89842698758002
918,-1,0.76759546595436
1498,-1,-1
1720,-1,0.77847483184264
1391,-1,0.71909790342878
133,-1,0.81025470880052
1292,-1,0.7850554538510199
853,-1,0.79295160573089
314,-1,0.78900200883249
463,-1,0.756977576306
712,-1,0.8159230486654
1752,-1,-1
1648,-1,0.80601693221172
269,-1,0.76095312259422
873,-1,0.83446087492355
455,-1,0.8236831080006
606,-1,0.79921039880737
770,-1,0.76449048919506
894,-1,-1
1405,-1,0.75883574121743
442,-1,0.72593540163838
1960,-1,0.82581548550659
1509,-1,-1
963,-1,0.756973389598
1140,-1,0.8180178693204
1775,-1,0.6856914974678401
1674,-1,0.77675318972627
1964,-1,0.74135341794801
171,-1,0.80500906679759
239,-1,0.73218066033537
1175,-1,0.78963363292761
678,-1,0.7255915739836201
371,-1,0.76133387783367
398,-1,0.66309839071323
568,-1,0.78524239460297
1075,-1,0.74758676096649
810,-1,0.79547883159698
1302,-1,0.78831705284712
107,-1,0.63626864693763
2010,-1,0.89968517880767
795,-1,0.73100281260193
188,-1,0.81361270573975
1126,-1,0.80988755255617
1983,-1,0.7860137337713
25,-1,0.72632516833537
1130,-1,0.82724881249628
1557,-1,-1
1780,-1,0.80993517421081
1043,-1,0.75522309901127
953,-1,0.78343380824181
1091,-1,-1
1539,-1,0.77166240943737
1215,-1,-1
731,-1,0.86195692994884
803,-1,-1
1573,-1,0.81650048545828
2023,-1,0.79854122962503
804,-1,0.78411681436746
1739,-1,0.7353053925394499
82,-1,0.67408737622996
1374,-1,-1
154,-1,0.7826323633500201
447,-1,0.74689213893855
998,-1,0.6641556088734599
176,-1,0.81914440576712
1528,-1,-1
122,-1,0.7075983983520899
68,-1,0.76286059510804
395,-1,0.79236015417372
1688,-1,0.77640425247252
415,-1,0.7920873992958299
872,-1,0.78319282364095
2000,-1,0.69057760050638
1250,-1,-1
1436,-1,0.79667496660434
1330,-1,0.79816205391093
1006,-1,-1
1071,-1,-1
736,-1,0.82444034294253
1678,-1,0.77832722253923
1872,-1,0.7983289592666201
715,-1,0.76855050732284
1056,-1,0.7487975740541499
1433,-1,0.80489794410497
399,-1,0.78375734042193
407,-1,0.7036037634617001
393,-1,0.78553964744309
1152,-1,0.87220761958646
1672,-1,0.7556810988075
970,-1,0.81925691808073
1990,-1,0.80819701124852
593,-1,-1
1026,-1,0.81485673427631
1116,-1,0.84263545114639
1813,-1,0.78200584164262
365,-1,0.7925139118883899
573,-1,0.81639351213898
2057,-1,0.82180490477685
2064,-1,0.82076716267979
1529,-1,0.7088307659561199
938,-1,0.80231722135551
777,-1,0.80603188416573
66,-1,0.71745420036854
1102,-1,-1
334,-1,0.71439231815531
1139,-1,0.78079540105875
1279,-1,-1
1359,-1,-1
1522,-1,-1
1444,-1,-1
1141,-1,-1
911,-1,0.82693559903851
1384,-1,0.79056680698811
1133,-1,-1
38,-1,0.7685665052508199
1772,-1,0.76348325273106
1506,-1,0.75132765935439
446,-1,0.71313148285045
847,-1,0.86961863963788
1257,-1,-1
1824,-1,0.78188672365895
1227,-1,0.79627190181193
1856,-1,0.7982853156681
2026,-1,0.80087413140492
1007,-1,0.77100363151809
12,-1,-1
170,-1,0.80948594626529
1305,-1,0.75406494990236
229,-1,0.76044242443352
338,-1,0.8219292290661799
1655,-1,0.6859844930555
1189,-1,0.79961754350197
531,-1,-1
234,-1,0.7353046934195
684,-1,0.77733946305461
1276,-1,-1
1571,-1,0.84902863819808
1976,-1,0.78902436720307
255,-1,0.77077075805383
1611,-1,0.82748799150669
380,-1,0.8243261289359101
968,-1,0.80580653577015
1567,-1,0.79414887904226
1540,-1,0.75223094725453
878,-1,0.77494481539754
1264,-1,-1
1423,-1,-1
1692,-1,0.77675392256897
1621,-1,0.7941577571567799
1400,-1,0.6785834106323
249,-1,0.74139045127436
2081,-1,0.88833195939151
1854,-1,0.7983274470673
213,-1,0.76210804570947
373,-1,0.82870868218077
359,-1,0.77720859932471
528,-1,-1
351,-1,0.7940562544237
208,-1,-1
962,-1,-1
1096,-1,0.7922890341272399
1037,-1,0.76355266517166
339,-1,0.7583653042977
1843,-1,0.76704436862671
901,-1,0.79895844310165
1754,-1,-1
1163,-1,0.79329342060589
77,-1,0.8391034439460601
2072,-1,0.89644113680075
1165,-1,-1
1081,-1,-1
1005,-1,-1
196,-1,0.55174965524486
624,-1,0.7441642286344601
774,-1,0.8311710717163
232,-1,0.78164563664786
1934,-1,0.80844489433235
1435,-1,-1
1192,-1,-1
1989,-1,0.81331036939472
1537,-1,0.81158271374951
1191,-1,0.81942793891412
13,-1,-1
1807,-1,0.76190469278056
1927,-1,0.79015875044773
410,-1,0.78665937234881
655,-1,0.82315930146408
708,-1,0.7715971574956499
855,-1,0.79813942031234
1443,-1,0.77381361462437
81,-1,0.80582256169769
1426,-1,0.82044280780737
1944,-1,0.80199903207399
280,-1,0.75799577224839
2035,-1,-1
1437,-1,0.72814232917104
2106,-1,0.80033871363805
1549,-1,0.7231447522841801
812,-1,0.79633244249897
840,-1,0.83506474485271
319,-1,0.78895113881108
909,-1,0.80630675535644
2005,-1,0.82767147539124
711,-1,0.8059750408407
2028,-1,0.82781198617731
1068,-1,0.81807705052372
580,-1,0.76739816445708
1452,-1,0.79076506006432
1475,-1,-1
1355,-1,0.72195157300042
2100,-1,0.80357728235619
682,-1,0.7473033097742801
1147,-1,0.6198007345199801
1579,-1,0.76341296996039
1319,-1,0.78769657548381
1867,-1,0.79694532046711
2076,-1,0.904196918251928
1642,-1,-1
1815,-1,0.80331296570466
62,-1,0.82478047293548
1238,-1,-1
1392,-1,0.75773039685548
641,-1,0.76247120534381
302,-1,0.79511520960592
1574,-1,0.81726768947694
460,-1,0.81922956946779
815,-1,0.82349837272229
610,-1,0.78326992494894
1830,-1,0.79035810125948
1280,-1,0.74672728676093
135,-1,0.79454027161861
358,-1,0.79456054405168
1395,-1,-1
218,-1,0.77215051877758
966,-1,0.80981436544186
565,-1,0.7852443044867901
1427,-1,-1
719,-1,0.81779785444043
126,-1,0.71968852112363
1756,-1,-1
1760,-1,-1
1473,-1,-1
1849,-1,0.79695169539009
396,-1,0.77694028596978
2071,-1,0.89644132604215
597,-1,0.80950609081999
1505,-1,0.70675985820851
1997,-1,0.74194069907369
26,-1,0.7263251279784799
2082,-1,0.88879528416395
1650,-1,0.78420313940672
941,-1,0.8023561466990801
200,-1,0.83760079433691
710,-1,0.6717720355637
243,-1,0.80010190458149
1393,-1,-1
835,-1,0.81528805211388
556,-1,0.8302931670070199
1910,-1,0.7969626599164901
301,-1,0.78464413386093
2091,-1,0.80135086569297
1339,-1,-1
1731,-1,0.7714899410389799
428,-1,0.74520867724766
1519,-1,-1
1479,-1,-1
1636,-1,-1
1839,-1,0.76429303353724
1899,-1,0.79420672233888
781,-1,0.74921302352144
1680,-1,0.7767438596206799
1543,-1,0.8225289831246501
1117,-1,-1
1265,-1,-1
1101,-1,-1
1996,-1,0.81358499740563
2018,-1,0.80835219511586
1892,-1,0.79829824502115
172,-1,0.81205629065643
1545,-1,0.7974546261035
1991,-1,0.76929724527426
1622,-1,0.80178043544726
1734,-1,0.78225213467627
1084,-1,0.78689807403686
1040,-1,0.89019314212017
730,-1,0.86342084511017
180,-1,0.80224500420665
323,-1,-1
1048,-1,-1
844,-1,-1
910,-1,0.76751854257467
1407,-1,-1
1903,-1,0.79696630609583
867,-1,-1
1885,-1,0.794223544082
888,-1,-1
1974,-1,0.7401461248554599
1237,-1,-1
1042,-1,0.83439632420101
329,-1,0.81794809689087
1439,-1,0.80935341985228
58,-1,0.80593923331438
1304,-1,0.74676989961828
1701,-1,0.77813613328599
1977,-1,0.74909539458033
943,-1,0.7269434688135801
1606,-1,0.82749194721771
541,-1,0.8047992513036399
1894,-1,0.7982976293362
1205,-1,-1
609,-1,0.79253074874926
420,-1,0.76102185336721
1548,-1,0.74774126217698
1590,-1,0.79674111476043
701,-1,0.70080866458922
1461,-1,-1
954,-1,0.7994162447581901
64,-1,0.8138165595012901
1700,-1,0.77639049109048
994,-1,-1
308,-1,0.8022291554002801
726,-1,0.87623041474788
1987,-1,0.73957393786769
1422,-1,-1
1376,-1,-1
1492,-1,-1
1873,-1,0.79696649495081
820,-1,0.83211429009332
1956,-1,0.80317732944976
296,-1,0.8047336094174999
467,-1,0.7381888608631699
315,-1,0.8153207193433
1059,-1,-1
752,-1,0.81927348687884
1502,-1,-1
1073,-1,0.75828890636922
289,-1,0.78715877179616
1719,-1,0.77835051848728
783,-1,0.74825509100652
408,-1,0.8077169723183399
1708,-1,0.77831513641389
139,-1,-1
1242,-1,0.77119612917281
1488,-1,-1
907,-1,0.8497143092967
429,-1,0.78480142520703
732,-1,0.86343117059384
1930,-1,0.7218000397925199
1358,-1,-1
90,-1,0.80791524539592
1100,-1,0.75493033542316
574,-1,0.87936864904838
1566,-1,0.79224211807079
1415,-1,0.81127942597142
1707,-1,0.77813207430074
775,-1,0.78367755948576
2054,-1,0.82766279687649
266,-1,0.75887766270913
276,-1,0.76407164648922
1483,-1,0.77402432096032
43,-1,0.7742112090145
707,-1,0.79425476605265
1676,-1,0.7763876438141
1851,-1,0.79420640166583
456,-1,0.78534474708309
957,-1,0.79488630309526
1670,-1,0.80746163375678
121,-1,0.70623597831709
3,-1,-1
1273,-1,-1
2004,-1,0.81290343308764
1508,-1,0.79711477822084
1999,-1,0.76366465545031
290,-1,0.76151867181239
1828,-1,0.7561886029707701
1629,-1,-1
1729,-1,0.80045559094196
1834,-1,0.807138493525
1985,-1,0.70162640196188
203,-1,0.81791535169335
1221,-1,-1
2003,-1,0.80146637626299
2009,-1,0.89486771349438
727,-1,0.86299330933283
1294,-1,0.7850583764318599
856,-1,0.82357917282132
1879,-1,0.7983291037196301
1482,-1,-1
1239,-1,-1
993,-1,-1
119,-1,0.61139170744738
1019,-1,-1
975,-1,-1
1267,-1,-1
1093,-1,-1
585,-1,-1
579,-1,0.82313009405385
1689,-1,0.77814737068495
912,-1,0.80758591533458
337,-1,-1
379,-1,0.79342569425373
685,-1,0.7553965016458299
1870,-1,0.79658021457232
1170,-1,-1
