Id,geacron_similarity,concept_similarity
805,0.7381,0.8019250891477601
1638,0.7521,-1
59,0.7521,0.77735906641717
1450,0.7429,0.7680697544719
1002,0.5417000000000001,-1
1572,0.3517,-1
1925,-1,0.76449173721509
1181,0.5421,0.79477400205737
286,0.5321,0.76136070130032
2014,-1,0.84878082372381
1781,-1,0.77859469683491
1323,-1,0.74237195572903
1222,0.5368999999999999,0.75966928799718
365,0.5328999999999999,0.81703999999844
158,0.5398000000000001,0.79378708808451
1868,-1,0.76447554050331
954,0.5405,0.77666423852858
949,0.5606,0.7224345372565599
1105,-1,0.80803156099639
626,0.5404,0.77245359378786
33,-1,0.930773287077836
1044,0.5337000000000001,0.7213893011222501
18,0.5323,0.81973210578796
937,-1,0.87649116445146
323,0.7344999999999999,-1
51,-1,0.7703561665271
1203,0.7396,0.79019220247725
1225,0.5382,-1
930,-1,0.87649292318938
1305,0.5392,0.76605993877128
1750,0.7843,-1
1460,0.7429,0.77086453096734
1824,-1,0.82457596508231
206,0.5307999999999999,0.81627324626243
1194,0.7344999999999999,0.7868121206869401
632,0.7394000000000001,0.8204011588567
909,0.7364999999999999,0.75622306636304
903,0.7364999999999999,0.76897027856997
1307,0.7376,0.79962421058998
943,0.5348999999999999,0.71556117945398
1064,0.5326,0.57281116345499
891,0.7632,0.8007324517335099
1540,-1,0.74710045533703
1614,-1,0.7779265951886
1318,-1,0.78976150041197
1847,-1,0.76427693217581
654,0.5583,0.82913958275125
570,0.7613,0.77445923702869
2000,-1,0.7002730382183799
1487,0.5452,-1
1637,0.7521,-1
1872,-1,0.76482785985318
1176,0.3305,0.80821647389718
1936,-1,0.78160264359427
710,-1,0.70204995258862
268,0.5305,0.78350467745745
1690,-1,0.76484209067103
185,0.7349,0.7471079477103499
796,0.7404,0.75610686985065
528,0.4396,-1
1777,-1,0.72979565680827
293,0.5857,0.7936261303694601
450,-1,0.6697395317907
362,0.5328999999999999,0.8171300757116899
1644,-1,0.7818896601085901
2009,-1,0.83741805251137
462,-1,0.78600669641085
1771,-1,0.79790461585192
1799,-1,0.71452179200541
756,-1,0.86299330933283
1767,-1,0.6951221612796801
1219,0.5656,-1
2103,-1,0.79865436179932
1393,0.5606,-1
1656,-1,0.75697960647894
188,0.7401,0.78196038602746
2085,-1,0.83020575306539
75,-1,0.7982388413396
1164,0.7325999999999999,-1
298,0.5504,0.77980032739897
1351,0.5328999999999999,-1
1370,0.5606,-1
1929,0.736,0.77666468102205
1874,-1,0.76448716985748
1276,0.7867999999999999,-1
1636,0.7521,-1
764,0.5312,0.84086485002444
738,1.0,0.86627757841331
1568,0,-1
1320,0.7387,0.8152181026066
2102,-1,0.7928978826252799
2016,-1,0.8477675945148699
608,0.738,0.81432793329887
1413,-1,0.71704960970303
702,-1,0.69395589569938
1962,-1,0.7423740087142501
1092,0.7402,-1
1858,-1,0.76261957338894
963,-1,0.7418243284106
1742,0.7843,-1
1695,-1,0.76444539788508
677,0.5405,0.86151755971925
824,0.5393,-1
1762,-1,0.79522201465427
1229,0.5441,0.78504689722498
1184,-1,0.7346445182579
1100,-1,0.72209312819175
22,0.7394000000000001,0.8699144615102801
623,0.33230000000000004,0.79885362695083
1963,-1,0.79418526701992
440,-1,0.74501985294024
1188,-1,0.78494625686562
1883,-1,0.76448287438383
640,-1,0.75295419014509
102,-1,0.64094010093011
1693,-1,0.76431181304723
1198,-1,0.7869162804137699
1910,-1,0.76350236923487
1417,0.7374,0.74536784152312
1448,0.7843,0.7842852994217
228,0.7354,0.79919042566507
1331,0.7764,0.7581649588036801
285,0.5321,0.72732180418668
1226,-1,0.72882731552625
843,0.5393,-1
1054,0.7957,-1
1430,0.5427,0.7734160413797699
785,-1,0.84994173554337
1759,0.7843,-1
1333,0.7804,0.76339942400272
1026,0.5337000000000001,0.77648597586607
1556,-1,0.6875802571969101
1758,0.7843,-1
1648,-1,0.81819263303335
1272,-1,0.75211855053129
781,0.7362,0.76470616302825
1802,-1,0.74556609912088
1878,-1,0.76429042557401
1763,-1,0.72060847174681
616,-1,0.67658749983683
1186,0.5488,-1
1490,0.5448999999999999,-1
740,0.7427,0.74439420841164
992,0.7468,-1
1547,-1,0.69759955034509
1743,0.7843,-1
998,-1,0.6428394497028
8,0.4396,-1
226,0.7349,0.762866318402
597,-1,0.79420094730131
1094,0.7425999999999999,0.7987678502532101
1720,-1,0.77431079083954
1376,0.5517000000000001,-1
1137,0.5303,-1
1995,-1,0.77383776233824
277,0.5357000000000001,0.80923911080948
1286,-1,0.7818067249541201
977,0.7402,0.84610952209558
1330,0.7967,0.7635185049020801
4,0.4396,-1
760,0.7993,0.86301610560361
1873,-1,0.76350675163471
1684,-1,0.76483909821274
1039,0.5337000000000001,0.78884250133135
1679,-1,0.76097912915489
994,0.7483,-1
1087,0.5402,-1
980,0.7411,0.81582523998936
817,0.7438,0.77948346684769
619,-1,0.73063198744951
183,-1,0.89641693716123
951,0.7349,0.72244734367894
1104,0.7483,-1
895,0.7396,0.88456856279479
2003,-1,0.88009818164581
256,0.738,0.8146450263657
716,0.5395,0.8098198445359099
76,0.7626,0.921128214213714
1193,0.7344999999999999,0.82134395168782
193,0.7498,0.74892226182877
2028,-1,0.89807528032261
1041,0.5337000000000001,0.73962755412274
1197,0.7344999999999999,0.79000447246752
1474,0.772,-1
1337,0.6,-1
202,0.5606,0.8706241859945401
1902,-1,0.76482414534884
706,-1,0.6944122215598
1671,-1,0.73201901715401
1494,0.7399,0.7876028904279
1959,0.7725,-1
1239,0.5732999999999999,-1
539,-1,0.7695342048953799
1923,-1,0.76448531420094
563,0.7372000000000001,0.75594294297772
964,-1,0.70913694229173
1391,-1,0.7155632568275501
1833,-1,0.80354915067917
635,-1,0.7798873872234899
186,0.7375,0.77424434312491
721,0.5393,0.81396648193008
1449,0.7843,-1
1964,-1,0.75137330601923
21,0.7468,-1
953,0.5405,0.80723898157497
1606,-1,0.7929826707001
280,0.5404,0.76229767251477
1361,0.5328999999999999,-1
799,0.27270000000000005,-1
1627,0.7399,0.74913885777081
68,-1,0.7992278938806601
2081,-1,0.8547014452236
521,0.744,0.7764512474167999
77,-1,0.907579369739124
784,-1,0.7379620622632199
1017,0.5337000000000001,-1
2007,-1,0.8898718076239001
1344,0.5369999999999999,0.72211468971215
46,0.5775,0.75541786522033
645,0,0.84517003736842
996,0.78,-1
1375,0.534,0.7730463890217301
1519,0.5431,-1
225,0.742,-1
1871,-1,0.76429707691664
885,0.7495,0.80153122162483
737,1.0,0.6758255550543
1214,0.5663,-1
330,0.5356000000000001,0.88860232055569
17,0.5323,0.81205308018019
314,1.0,0.78112071469464
1506,-1,0.73604180277538
1070,0.5393,-1
1794,-1,0.83051910526935
339,0.5328999999999999,0.76136283583185
119,-1,0.60139273165858
894,0.5457000000000001,-1
2001,-1,0.76080770947351
547,-1,0.74709992895696
1464,0.7429,0.78007464023477
1699,-1,0.76430583644683
644,0,0.84039479132298
739,0.7391,0.7822054961155
639,-1,0.7761863229582
746,0.7474000000000001,-1
1027,0.5337000000000001,0.78113691083696
717,0.3305,0.76059030314146
72,-1,0.77917303336941
981,0.7411,0.82722369234487
741,0.7391,0.76031190953438
1157,-1,0.76950223400744
1977,-1,0.67609799266269
1477,0.7701,-1
289,0.5345,0.8125630319409101
630,-1,0.74310423220558
751,0.7394000000000001,0.890899215827
366,0.5328999999999999,0.79493491761251
1505,-1,0.69380687695621
861,0.5393,-1
1386,0.7348,0.74561166028748
1278,0.5328999999999999,0.79182077444016
1594,-1,0.78233145709101
307,0.5857,0.77822309714098
1673,-1,0.76097642436121
718,-1,0.77228996159104
687,0,-1
459,-1,0.78374325613785
1680,-1,0.76345804166248
1119,1.0,-1
267,0.5305,0.79849421115963
1111,0.7619,-1
297,0.5486,0.7537416961322401
652,1.0,0.78773199370472
1246,0,0.763149852301
89,-1,0.76679722185375
3,0.4396,-1
1280,0.5366,0.78903714707113
753,0.7394000000000001,0.7996969798372799
368,0.5328999999999999,0.81749162648077
583,0.5402,-1
594,-1,0.77075062316843
660,-1,0.69775396923807
197,0.7391,0.83059125782428
1101,0,-1
905,0.7362,0.80143613435703
624,0.5404,0.77246282264842
1717,-1,0.77379416956248
1967,0.7972,-1
196,0.7534,0.56369148507757
1102,0.7416,-1
391,-1,0.65653120825814
1894,-1,0.76449089036466
1811,-1,0.7512023383192901
531,0.41800000000000004,-1
1991,0.5282,0.80883359831727
1077,0.5447,0.909837167823468
1829,-1,0.7686531457515899
167,0.7605999999999999,0.84964663269907
1132,0.5617,-1
932,-1,0.87648681290997
813,0.7483,0.76347909485343
407,-1,0.70015935150593
1377,0,-1
310,0.5664,-1
808,0.531,0.83434219672682
972,0.7379,0.75390588228098
1508,0.7385999999999999,0.76581013509301
275,0.7374,0.80724189549463
653,0.7442,0.914650393192777
1657,-1,0.78529938720008
1149,-1,0.68167722610034
1875,-1,0.76087428853665
162,0.5348999999999999,0.7859193519422301
680,-1,0.79013697777867
1459,0.7429,-1
1387,0.7348,-1
604,-1,0.79958040239305
1838,-1,0.80594950048864
1034,0.5337000000000001,0.74304350415819
866,0.7402,-1
146,0.7953,-1
1915,-1,0.76087823587052
999,-1,0.63502176252995
327,0.5307,0.5654397211458699
1327,-1,0.7578379101850801
2004,-1,0.88692695304882
1744,0.7843,-1
1317,-1,0.74524244424843
1234,0.5393,-1
342,0.5328999999999999,0.79675831661197
1076,0.5447,0.88304135034332
248,0.33230000000000004,0.7988562977705
1532,-1,0.75232757720079
1844,-1,0.76428365122361
699,-1,0.66223525307547
1040,0.5337000000000001,0.82937021045064
255,0.7387,0.80473522256346
149,0.5421,0.915748008356786
65,0.7387,0.74859881364041
1138,0.7952,-1
724,1.0,0.942280303296688
770,0.7466999999999999,0.76040748237154
1346,0.7401,0.73868699012327
211,0.7605999999999999,0.75103852972824
1482,0.55,-1
1631,0.7521,-1
1208,0.5461,0.918406782706539
777,0.7344999999999999,0.76761869884446
529,-1,0.85796252642053
1942,0.7342,0.80280001969752
1103,0.7483,-1
1507,-1,0.7445314972132899
1404,-1,0.74354760094656
1312,0.5387,0.80175904728937
1574,0.5336000000000001,0.77778971091813
370,0.7362,0.81163887514434
1201,0.7378,-1
1732,-1,0.79087031704473
458,-1,0.77841765103527
1705,-1,0.76430008668034
726,1.0,0.933470182807343
309,0.5664,-1
1287,0.7336,0.79897230979767
251,0.7368,0.72857056082155
1946,0.7379,-1
114,-1,0.5886687934530099
1740,0.7352000000000001,0.76652611287727
1599,-1,0.77792643041497
1106,-1,0.76637447023754
2008,-1,0.88987332221921
1741,0.7843,-1
1958,0.7797000000000001,-1
690,0,-1
605,0.5306,0.903202192797202
160,0.7396,0.78730315089429
1861,-1,0.76349300331581
1905,-1,0.76086033463224
253,0.7993,-1
2030,-1,0.8970497135336
591,-1,0.74298401503137
1971,-1,0.71728634008758
36,-1,0.88766730605307
923,-1,0.87648225111519
1790,0.77,-1
1948,0.7379,0.6758507636143201
1123,0.746,0.91857966951345
851,-1,0.74612504682712
1650,-1,0.7914082174008901
1601,-1,0.77797768199953
1911,-1,0.76448320934537
1931,-1,0.73239186816793
52,0.9961,0.77104544293739
1914,-1,0.76349769055526
848,0.5402,0.83725266532088
1414,0.7369,-1
1294,0.7336,0.80181918039075
1588,-1,0.7817951241876
1745,0.7843,-1
218,0.7391,0.80989711848315
34,0.28480000000000005,-1
334,0.7565,0.72146749991069
892,0.5859,-1
265,0.7373000000000001,0.80939532988064
1328,0.7388,-1
1379,0.7327,0.82646300128908
1521,0.41800000000000004,-1
1662,-1,0.7920388176186199
353,0.5328999999999999,0.80666189125132
728,1.0,0.954009239687948
492,-1,0.77885796710134
889,-1,0.7559951589209299
1252,0.7575000000000001,0.920936016891625
1169,0.5324,0.82145056640722
1830,-1,0.80709001304259
1891,-1,0.76350992515291
1303,0.5392,-1
991,0.5464,-1
346,0.5323,0.76392125813545
276,0.5347,0.79916077004576
1429,0.78,-1
1390,-1,0.7421119944694
439,0.7315,0.77482351737919
210,0.13180000000000003,-1
1992,0.5282,0.80413901246373
1189,0.7399,0.82430106888791
1897,-1,0.76483059458141
551,-1,0.7751736704346
1152,-1,0.80898223902936
1499,0.5606,-1
2005,-1,0.89014238347312
1511,0.7686,-1
1853,-1,0.76428119202305
329,0.5376000000000001,0.86212966051204
171,0.5606,0.80721367475531
1084,0.7457,0.78052951255858
890,0.7495,0.79163335654611
648,0,0.84046459486735
389,-1,0.75405987005638
911,0.7364999999999999,0.76809008660089
794,-1,0.8089910538978
1347,0,-1
1509,0,-1
1682,-1,0.76265112372523
344,0.5328999999999999,0.8072654381498701
1652,-1,0.7702460767116199
575,0.5817,-1
1339,0.6,-1
1489,0.5885,-1
66,0.5392,0.74133986388334
1957,0.7552,-1
898,0.7364999999999999,0.8210192318898
97,0.7437,0.7322413855016701
916,0.7367,0.79458898053728
83,-1,0.66904838000282
689,0,-1
1722,-1,0.7443220130160599
875,0.7408,0.78701997516969
1292,0.7336,0.80181690906478
2075,-1,0.84937418160991
1598,-1,0.78205220589365
1545,-1,0.7633378409331
674,-1,0.73442925814833
1621,0.7399,0.75812535769163
1550,-1,0.7283316294851
830,0.5408999999999999,0.82702647529585
952,0.7605999999999999,0.71556937807663
1264,0.7515000000000001,-1
444,-1,0.80346443789233
101,-1,0.76662684485091
1757,0.7843,-1
918,0.7374,0.76487995381101
1472,0.32999999999999996,0.7965924661731
763,0.7373000000000001,0.8408318849235
928,-1,0.87649468380639
1776,0.5425,0.79531089982025
574,-1,0.78200492864307
600,-1,0.72597375125662
398,-1,0.6429256561850101
931,-1,0.87649527898391
2060,-1,0.8902301065991101
291,0.5354,0.82375038131237
372,0.7387,0.80991545779536
1093,0.7425999999999999,-1
60,-1,0.80051377804008
191,0.7369,0.8073833117011
239,0.7375,0.7380424068668601
1205,0.78,-1
1143,-1,0.6770100296280199
900,0.7364999999999999,0.76847746977356
744,0.7391,0.76585583905266
1411,0.5525,0.75650425203598
2013,-1,0.84823189369502
1815,-1,0.7874285203
1269,0.5483,-1
1707,-1,0.76443702772662
1668,-1,0.78328650949698
1047,0.7508,0.88426874327912
1415,0.7825,0.75738600250133
1528,0.4396,-1
175,0,0.88206985683656
13,0.46799999999999997,-1
1797,-1,0.7983740087783899
1419,0.5341,0.76429240741248
67,0.5396000000000001,0.79339802380643
378,0.33230000000000004,0.80529412970586
1578,0.5336000000000001,0.8370197873802
534,-1,0.78110406579767
1496,0,-1
2015,-1,0.84776666728635
1990,0.5282,0.78567964310588
1160,-1,0.72255444254543
1814,-1,0.7615849656165
1011,-1,0.78779916956964
377,0.5374,0.78962829337011
1515,0,-1
1817,-1,0.7700575213958301
129,-1,0.6865541856502599
2069,-1,0.8473825958150301
234,0.7352000000000001,0.76652938187747
1836,-1,0.7996690697627999
580,-1,0.76083522185475
247,0.7349,0.78701462803068
1549,-1,0.72839039703478
1696,-1,0.76484028778098
602,-1,0.7211302946924201
1349,0.5328999999999999,-1
823,0.5409999999999999,0.85598873798344
1403,0.534,0.7888861255846
1153,-1,0.74709029913682
1544,0,-1
338,0.5382,0.80580116023489
1587,-1,0.77137602034068
2082,-1,0.85513457900262
49,0.5692999999999999,0.78327612999721
1013,-1,0.75911084838365
379,0.33230000000000004,0.83149950571647
1445,0.7836,0.7632310207869499
1258,0.5302,0.79576196777602
2059,-1,0.88947225026048
2097,-1,0.81026717421713
1363,0.5328999999999999,-1
732,1.0,0.951496633368075
990,0.746,0.81255665829386
100,0.5449999999999999,0.6375956588812
161,0.7374,0.79179729796094
1522,0.41800000000000004,-1
1834,-1,0.80777400042964
88,-1,0.71048703209433
1539,-1,0.7873452919023101
1343,0.5327999999999999,0.67585471542875
976,0.7402,0.86884500651158
84,-1,0.7156145147255699
554,-1,0.75674363451176
1913,-1,0.76448072974655
1384,0.7354,0.81459883809356
762,0.5395,-1
769,0.7379,0.8417206854746699
14,0.46799999999999997,-1
28,0.5321,0.72730943731191
174,0.5470999999999999,-1
1233,0.5427,0.77238426013663
1756,0.7843,-1
685,-1,0.77621221685096
1628,0.7399,0.74908196107034
989,0.746,0.812571890652
1691,-1,0.7609878005735
343,0.5328999999999999,0.81239710036992
1701,-1,0.7644407358463801
143,0.5363,0.78836170051602
1641,0.7521,-1
1812,-1,0.75346675013815
1567,0.531,0.83010283664597
789,0.7369,0.80006147279851
966,0.737,0.82055650624417
1493,0.7495,-1
1565,-1,0.68675620829088
713,0.7375,0.8015105617837
2098,-1,0.81026333396029
1793,-1,0.77065347495931
447,-1,0.72450401556577
1846,-1,0.7626217391561401
1433,0.7399,0.76998428422215
402,-1,0.7854236565021
151,0.7475,0.84931278342923
1218,0.5706,-1
1659,-1,0.71200594965982
1178,0.5986,-1
1736,0.7429,0.77999532533867
250,0.7368,0.77428891964406
1053,0.7957,-1
2036,0.7344999999999999,-1
242,0.7369,0.79404975293534
995,0.7483,-1
897,0.7371,0.81596783001656
1553,0.7719,-1
445,-1,0.7201741006619
924,-1,0.87649288196225
349,0.5328999999999999,0.83293898679749
2041,0.7954,-1
1879,-1,0.76482802365607
192,0.5464,-1
1922,-1,0.76448854599535
651,0.5323,0.80934996637612
798,0.5603,-1
1935,0.534,0.7641604213583
1728,-1,0.77072260003217
987,0.5464,-1
1021,-1,0.79156952117429
2071,-1,0.8469224180338399
1085,0.7452,0.78134506801267
1045,0.5405,0.939127077184668
1857,-1,0.76085987556729
1159,-1,0.77996791715813
147,0.7468,0.8376013187250699
1447,0.56,-1
1163,0.5389999999999999,0.79465297889411
1401,-1,0.7545564546365899
2054,-1,0.89013878505773
2090,-1,0.81028864437052
1185,-1,0.78780416113734
1985,-1,0.68937705699234
1431,0.5639000000000001,0.76153827271579
1454,0.5281,0.78291379806352
2017,0.5388,0.77630365241571
418,-1,0.63095848874099
1124,0.7444,-1
1804,-1,0.65742806991006
231,0.7379,0.7898528940971901
245,0.7397,0.8149787559255
1785,0.5312,0.73792547434369
1016,0.5337000000000001,0.73782978285637
103,-1,0.7362928996625799
1030,0.5337000000000001,0.77646348823891
1142,-1,0.761250350652
209,0.5306,0.78209909367718
1786,0.5312,0.7384629199799599
1046,0.5405,0.74459661845723
1689,-1,0.76445099864495
1161,-1,0.68531550124811
607,0.5307999999999999,0.8149100109405
1396,-1,0.77533358582609
1257,0,-1
1066,0.7782,-1
1145,-1,0.79721992548038
1558,-1,0.79069338919707
722,0.7396,0.79711699851214
1718,-1,0.7721911468496501
82,-1,0.64279070402717
2077,-1,0.86467800666256
874,0.5915,-1
412,0.7464,0.7807491053869899
814,1.0,0.954127423013291
1271,0.5495,-1
2058,-1,0.87947642851977
1266,0.5483,-1
1224,-1,0.80115518042448
2099,-1,0.81027082924426
1654,-1,0.74105060389959
451,-1,0.74334386738921
271,0.5331,0.8043760409824801
2019,-1,0.82089069679127
1062,0.5326,0.89414500869925
705,0.5393,0.91294050777592
1792,-1,0.77846537723915
1360,0.5328999999999999,-1
1098,0.7389,-1
138,0.7857000000000001,-1
1235,0.5401,-1
1998,-1,0.72681027621426
1697,-1,0.76097929903154
1751,0.7843,-1
369,0.5328999999999999,0.81239148658403
1311,0.5387,0.82155140022645
489,0.7575000000000001,0.77701597798787
908,0.7365999999999999,0.7172195049651999
1635,0.7521,-1
765,0.7374,0.86192143758838
257,0.7387,0.80202408827508
1018,0.5337000000000001,-1
325,0.5405,0.939127499203817
2038,-1,0.78890080949262
735,1.0,0.917573952125916
1582,0.5336000000000001,0.7868485941418399
1852,-1,0.762618859635
2095,-1,0.81028456714133
596,0.9961,0.817617627092
1896,-1,0.76482061314767
1293,0.7336,0.80183407558102
1597,-1,0.77795303874276
1772,-1,0.80451140425129
1068,0.7404,0.82355029718459
1512,0.7605999999999999,-1
1562,0.78,-1
157,0.7375,0.77124679816446
572,-1,0.76663513159505
69,0.7373000000000001,0.78060671115548
1289,0.7336,0.71414954880981
2089,-1,0.83020529681948
305,0.5387,0.7380963890588901
313,1.0,0.74786856625778
126,-1,0.73420389828509
1677,-1,0.7644447259785601
1480,0.7719,-1
1514,0.5412,0.930356271320717
295,-1,0.7863402274986
1535,-1,0.76214074806751
620,-1,0.71653425472537
2073,-1,0.84738448757475
317,0.7399,-1
1663,0.5348999999999999,0.81479888260301
1633,0.7521,-1
1618,-1,0.76961195360026
195,0.7508,0.85004175079699
1165,0.7383,-1
1968,-1,0.74446679578206
1533,-1,0.83478223420374
217,0.7391,0.81255262476629
821,0.7999,0.76705456959787
1086,0.7452,-1
1446,0.5700000000000001,0.77168957229195
1770,-1,0.79936137266762
2020,-1,0.75166617385057
1135,0.7952,-1
1934,0.534,0.78526642209924
650,0.5857,0.79179587451117
465,0.5405,0.77658138036399
1534,-1,0.69462790762224
1080,0.4618,-1
579,-1,0.78144035224176
177,0.7455,0.915746210362178
1050,0.7384999999999999,0.79381794890467
1821,-1,0.7839323822108
736,1.0,0.921587456636381
1,0.4396,-1
1796,-1,0.82292880407525
2092,-1,0.81028889687356
1523,0.4396,-1
871,0.7388,-1
548,-1,0.78909170438916
1095,0.7389,-1
2033,-1,0.80862147727838
213,0.744,0.77867236652385
1473,0.7807,-1
1031,-1,0.71723900373338
1983,-1,0.7785732805547
1536,-1,0.73426642766044
1212,0.5739000000000001,-1
1746,0.7843,-1
381,-1,0.75217125700475
443,-1,0.78723521660511
986,0.5464,0.894784600843
1267,0.5483,-1
1735,-1,0.76170578149002
902,0.7364999999999999,0.7080806399663799
983,0.7411,0.76842323950967
1096,0.7389,0.79471599761524
254,0.5393,0.78310756078762
603,0,0.908354787586329
1877,-1,0.7626220258534699
855,-1,0.78317519408
1513,1.0,-1
1388,-1,0.71633836844453
1819,-1,0.78523161158323
435,0.7348,0.78285877132027
2062,-1,0.88920614393078
589,0.7475,0.79326716275444
1465,-1,0.75908155205631
1052,0.7957,-1
1352,0.5328999999999999,-1
1306,0.5392,0.76289646382748
1336,0.6,-1
37,0.5296000000000001,0.78888805116592
1355,-1,0.74086184759496
1783,0.5312,0.7374716119165601
588,-1,0.7430550294746601
1274,0.5407,-1
308,-1,0.76690364260095
1855,-1,0.76349607238052
1645,-1,0.7778331412939801
1058,0.7538,-1
1488,0.5885,-1
542,-1,0.8263185700468401
530,0.46799999999999997,-1
831,0.5408999999999999,-1
1290,0.7336,0.80163463994755
1704,-1,0.76345805184227
761,0.5321,0.85215503776601
985,0.5464,0.76653880975721
1378,0,-1
1984,-1,0.76337094362409
71,-1,0.77024404464412
1832,-1,0.80782815584225
232,0.7349,0.8119315573592201
53,-1,0.79381186030748
426,0.7344999999999999,0.74323011898611
1254,0.53,0.80505297591664
244,0.7375,0.8202701796181799
1787,0.5312,0.7334014352809299
1730,-1,0.78782005625202
2056,-1,0.89728031217507
150,0.7475,0.79309099853546
266,0.3305,0.79981687238678
1822,-1,0.69796819966713
586,0.5393,-1
1940,0.7356,0.81303947107648
311,0.7931,0.77483092321101
734,1.0,0.962023217932256
786,-1,0.86134386343612
1573,0.5336000000000001,0.77747003027655
1775,-1,0.67607105315614
1862,-1,0.76447809031443
655,-1,0.904577811110486
803,0.5927,-1
1268,-1,0.76416838320963
1543,-1,0.79139656231045
2079,-1,0.85572454253295
656,-1,0.6838816353135799
1074,0.7954,-1
1334,0.7408,-1
1441,0.5726,-1
233,0.7349,0.79173996457771
155,0.7427,0.78701966658139
56,0.7766,0.79960869305229
1308,0.7388,0.75963973657436
38,0.7367,0.77747748750636
1966,-1,0.75846314352272
1537,-1,0.79498468959769
1338,0.6,-1
1667,-1,0.77582000715155
1215,0.5809,-1
569,0.7888,-1
961,0.7367,0.79711492580769
850,0.5393,-1
845,0.5403,-1
214,0.7391,0.77398740884605
2072,-1,0.84692218310255
759,0.54,0.86144234427807
725,1.0,0.905668376402086
187,0.5368999999999999,0.79847625721163
1371,0.7605999999999999,-1
91,-1,0.66064853184948
1022,0.5337000000000001,0.7224590759585
493,-1,0.66713605060685
846,0.5336000000000001,0.8682062966484
1065,0.5664,-1
1443,0.5351,0.75240020335304
135,0.5328999999999999,0.82026076266145
582,0.7793,-1
1012,-1,0.77083351499027
1865,-1,0.7642876780529599
2078,-1,0.85513500456535
1250,0.5327,-1
2080,-1,0.85469412771632
676,-1,0.77224512001307
136,0.5579000000000001,0.74915063508594
1823,-1,0.69739733093843
1805,-1,0.8089510351006
1424,0,-1
585,0.5393,-1
1263,0.5408999999999999,-1
1685,-1,0.76098949669837
96,-1,0.77059310520594
1867,-1,0.76348266667138
1001,0.5394,0.85216081730153
1955,-1,0.7652148986717
1146,-1,0.7940609872045901
1842,-1,0.76465853386702
933,-1,0.87649643379161
754,0.7469,-1
1275,0.5317000000000001,-1
184,0.7352000000000001,0.71671233349078
1009,0.5337000000000001,0.76645447398623
1310,0.5387,0.81438796342167
1057,0.7538,0.69463203230182
1136,0.5303,-1
345,0.5328999999999999,0.77608210992763
141,0.5393,0.900177841216678
1010,0.5337000000000001,0.8058123709330101
835,0.5402,0.82467246626534
1773,-1,0.6987210586391099
1341,0.5947,-1
1005,0.5312,-1
795,0.7375,0.76295092477354
701,-1,0.71753802948736
1427,0.7977,-1
1917,-1,0.76263560452419
731,1.0,0.938718219516427
130,0.7804,0.79278357298332
749,0.7391,0.88760488858007
1612,0.7343999999999999,0.77651419921971
384,0.7361,0.76682516039966
159,0.7437,0.7739861404924799
1658,-1,0.7864354333647
1168,0.734,0.83843642180633
1484,0.7344999999999999,0.81622954875719
238,0.7362,-1
1589,-1,0.76719766338257
1108,0.5393,-1
1969,-1,0.7297827341808201
1675,-1,0.76430802995251
617,-1,0.6962726508996699
698,-1,0.79437477173505
1461,0.7429,-1
39,0.7391,0.78959340561867
1476,0.772,-1
358,0.5328999999999999,0.804376692171
1251,-1,0.76653142708463
1585,-1,0.75153148299303
181,0.5401,-1
750,0.7391,0.88589600589785
1660,-1,0.76771445291093
1692,-1,0.76346720822416
472,-1,0.79527071150637
1238,0.5427,-1
1930,-1,0.69788308146997
859,-1,0.79003760098624
460,-1,0.79094689161638
957,0.746,0.7576298103935
870,0.5349999999999999,-1
1020,0,-1
864,0.5348999999999999,0.87698215932998
881,0.7972,-1
2100,-1,0.81118582823057
283,0.5332,-1
1725,-1,0.74537587589248
282,0.7783,0.78917605144791
533,0.7344999999999999,-1
1835,-1,0.7993636717229999
538,-1,0.7745843932248699
359,0.5328999999999999,0.78699504976734
50,0.7404,0.82092225078715
787,-1,0.73296840557624
1220,0.5275000000000001,-1
1947,0.7379,-1
163,0.7391,0.79065493925468
1918,-1,0.76430336491888
678,-1,0.74464407544048
921,0.7376,0.74811195620336
294,0.7931,0.78787057179854
841,0.7777000000000001,-1
1916,-1,0.76262858539885
411,0.7666999999999999,0.80334668286366
57,0.5405,0.74198669811634
1733,-1,0.76778018113424
877,0.7632,0.76479424561653
2,0.4396,-1
252,0.7371,0.78166067892996
1435,0.7922,-1
1148,-1,0.6133730615787
1719,-1,0.77399976794405
194,0.7412000000000001,0.8685257637689701
199,0.7369,0.8491972772527601
347,0.5328999999999999,0.79408226291983
361,0.5328999999999999,-1
104,-1,0.7311852366995399
355,0.5328999999999999,-1
733,1.0,0.951379312144764
1626,0.7385999999999999,0.77100826114566
90,-1,0.7705939315602199
1939,0.7356,0.80263433408772
2031,0.5402,-1
274,0.5305,0.85140928530387
865,-1,0.78697802224857
1944,0.7306,0.773199763641
154,0.5399,0.78498585172464
337,0.7654,-1
537,-1,0.75972980723837
1976,-1,0.77286741592401
124,0,0.78897928596599
1221,0.3591,-1
1348,0.5327999999999999,-1
1042,0.5337000000000001,0.77580391786308
849,0.5402,-1
1150,-1,0.6348008443209
446,-1,0.68205188742584
1154,-1,0.60164651150508
153,0.5411,-1
243,0.7369,0.80914111635457
2002,-1,0.8440554197424099
2068,-1,0.85705425115818
1033,0.5337000000000001,-1
555,-1,0.6449994503459999
1394,0.7605999999999999,-1
1965,-1,0.76895044863919
261,0.5347999999999999,0.8088464906032
558,0.7391,0.80789198053222
1061,0.5326,0.5618002977190699
774,0.735,0.80755214217493
461,-1,0.77228792594366
204,0.5393,0.917263007536403
1605,-1,0.7770887405856
712,0.7378,0.8005269832919499
1721,-1,0.7416465897694899
1981,-1,0.6701996021347
258,0.5388,0.78969528352413
1961,-1,0.7741708903687
1000,0.5401,0.84250987627671
628,-1,0.76217713077549
768,0.5307,0.83569128879987
376,0.5321,0.83124767488305
1592,-1,0.78206054319982
836,0.5393,0.82684693725786
598,0.9961,0.79312663158622
457,-1,0.76175933083559
1753,0.7843,-1
166,0.7402,-1
1890,-1,0.76350162284111
1584,0,-1
164,0,0.8162207801336
1298,-1,0.77829765533979
2074,-1,0.84445178792681
2101,-1,0.81118704303915
827,0.5393,-1
752,0.7394000000000001,0.82579494087378
1232,0.5429999999999999,0.79091839075468
1399,0.5353,0.79382814649648
837,0.5393,0.85431304071772
1129,0.75,0.80590609485731
1907,-1,0.76262215496403
914,0.7374,0.7891724691012301
1385,0.5334,0.77456514272427
1607,-1,0.78111710874106
776,0.7344999999999999,0.7770744377461201
1366,0.5328999999999999,0.79088354457328
467,-1,0.72379397768299
1147,-1,0.60719318125735
270,0.5331,0.80226881963403
584,-1,0.81861228032191
1495,0.7685,-1
120,-1,0.5944738297179499
1986,-1,0.68540211233299
2093,-1,0.8102631777646601
1405,-1,0.74353900266905
1686,-1,0.76345369240313
55,0.7605999999999999,0.79065409577741
695,-1,0.71576035599665
1516,0.355,-1
783,0.7362,0.76399616707426
638,0.7373000000000001,0.8095521501726199
852,-1,0.77781397816194
1438,0.76,0.78659982468549
1818,-1,0.74467163399301
1481,0.7967,-1
1825,-1,0.8012543968505
423,0.7344999999999999,0.77824302345072
1774,-1,0.76267443128178
122,0.7783,0.72265140237298
142,0.5323,0.79380856719892
1954,-1,0.76092208502938
1997,-1,0.7284275447992
906,0.7362,0.77551970507762
968,0.737,0.82488655152598
1395,0.5689,-1
375,0.5384,0.79731649973998
229,0.7349,0.78831561327633
1993,-1,0.77407997944509
269,0.3305,0.80942640736687
1552,-1,0.7613849898855201
819,0.7626,0.89256864210755
709,-1,0.78993645151036
1554,-1,0.7671732962637
1580,0.5336000000000001,0.7789501612451
1795,-1,0.7871296774529299
433,0.5325,0.79671396516995
919,0.7364999999999999,0.79182899512153
723,0.7396,0.75405833956283
967,0.737,0.82536431575717
1760,0.7843,-1
979,1.0,0.76992614161723
1529,-1,0.7117923653691101
1676,-1,0.76264285088687
719,0.7381,0.760745491539
42,-1,0.77832337565134
696,-1,0.73502531112564
340,0.5328999999999999,-1
780,0.7344999999999999,0.72135105436005
658,0.7352000000000001,0.71875154108256
1406,0,-1
94,0.7113,-1
2094,-1,0.81027458115316
613,0.5384,0.79726715046619
1173,0.7843,-1
1851,-1,0.76086475722363
1900,-1,0.76263015899332
306,0.7974,0.77667772278736
1798,-1,0.77939384488671
1191,0.7344999999999999,0.83817337442454
108,-1,0.6307693742074
2040,-1,0.77084797520948
456,-1,0.77059440398003
1949,0.7379,-1
567,-1,0.72512290404915
2018,-1,0.77629826697529
260,0.7373000000000001,0.80682354862558
1687,-1,0.76430370258074
421,0.7344999999999999,0.7782469698189101
1069,0.7391,0.79347774662415
1082,0.7352000000000001,0.7483766198874999
997,0.7412000000000001,0.904701987042107
1996,0.5532,0.77820540455078
2076,-1,0.85424474330621
1724,-1,0.74345100965432
249,0.7368,0.76294671302059
40,-1,0.73035986235456
1518,0.7375,0.8051287555362701
1859,-1,0.76428682383347
216,0.7391,0.81024448915726
1941,0.7389,0.80314348180447
1122,0.746,0.933512778477519
1752,0.7843,-1
646,0,0.8404660397189501
1029,0.5337000000000001,0.79452622147128
1381,0.5328999999999999,0.80330709044229
766,0.7374,0.80235172020492
1060,0.5326,0.924250745966241
1202,0.5407,0.79133534776527
614,-1,0.74634373281633
44,0.7825,0.77844879186595
1023,0.5337000000000001,0.77884630453897
393,0.5393,0.7711466854093401
661,0.5328999999999999,0.8148469315552
773,0.7344999999999999,0.72856204699217
1228,0.5379,0.79553779890113
1715,-1,0.77048975943337
1960,-1,0.81737511434021
189,0.5464,0.7364029396745899
1669,-1,0.7493592985529101
1674,-1,0.76346654080046
1850,-1,0.76447125376244
399,-1,0.77744874693293
328,0.5357000000000001,0.85032201529917
1412,-1,0.71901142856532
5,0.4396,-1
1126,0.5344,0.8502811281800899
1700,-1,0.76264545570642
1841,-1,0.7641281398196
400,-1,0.65379698892692
812,0.5348999999999999,0.74660071108905
1739,0.7352000000000001,0.76652988241233
549,-1,0.76650824753751
1665,-1,0.76546255668075
1655,-1,0.67497654376302
464,0.5680000000000001,0.76276701936619
920,0.7377,0.80235884248892
12,0.46799999999999997,-1
802,0.5839,-1
2029,-1,0.89704734676493
1434,0.7617,-1
374,0.7369,0.78898823772787
853,-1,0.791459030091
1321,0.7387,0.81521388757617
1764,-1,0.80707813498475
1524,0.41800000000000004,-1
1241,0.793,-1
1932,-1,0.78624962958614
1167,0.5377000000000001,0.8624632698300501
281,0.7344999999999999,0.79098862267751
354,0.5323,0.8097152680556801
1603,-1,0.7778947189619501
2025,-1,0.89510831028457
587,-1,0.7237697769067399
45,-1,0.781646863728
1840,-1,0.7624634681935201
1354,-1,0.75487221433497
1015,0.5337000000000001,0.7857150761560701
424,0.7344999999999999,-1
348,0.5328999999999999,0.76873247345429
1356,0.5328999999999999,0.6969772403558501
1008,0.5337000000000001,0.76837682542609
1166,0.7394000000000001,0.812975181984
926,-1,0.8764960594026
442,-1,0.72143665804708
559,-1,0.73852261682123
1809,-1,0.7472803440961999
1260,-1,0.76550655900415
1270,-1,0.79336598820986
564,0.7605999999999999,-1
778,0.7344999999999999,0.77151380289052
1560,0.78,-1
1099,0.7389,-1
1608,-1,0.77717777288121
235,0.7349,0.7568235703013599
1285,0.7393000000000001,0.77702653343948
2894,0.5113,-1
1421,-1,0.76708024966571
1926,-1,0.76873401054115
1895,0.7344999999999999,-1
200,0.571,0.86651175687264
383,0.9961,0.77075050179605
1813,-1,0.76847566390173
1887,-1,0.7626359497519299
1988,-1,0.74363898615363
341,0.5328999999999999,0.80159204733322
1182,0.5409999999999999,-1
1037,0.5337000000000001,0.7399535508166
54,0.5425,0.79372020032571
1527,0.41800000000000004,-1
810,0.5331,0.82255967126104
1043,0.5337000000000001,0.76402456972405
820,0.7626,0.902909900357954
1831,-1,0.79605352909677
179,0.7375,0.82117376010514
230,0.7361,0.81484371319543
1517,0.5366,0.77027693831995
1727,-1,0.78617542592483
335,0.5336000000000001,-1
942,0.75,-1
428,0.7344999999999999,0.76041565150602
950,0.7349,0.71557300256217
663,-1,0.66130096114803
41,-1,0.78146192985789
1919,-1,0.7648398644669
730,1.0,0.951494475541705
1179,0,-1
1140,0.7971,0.82646934275957
116,-1,0.59434086518211
240,0.7375,0.77170751293414
1261,0,-1
975,0.7972,-1
1245,0,0.77005477475794
1192,0.7348,-1
1383,0.5345,0.8397345404727
1856,-1,0.76447677287843
886,0.7959,-1
1884,-1,0.76348535229425
1240,0.793,-1
1591,-1,0.77771574236876
319,0.5391,0.7453281593008501
1283,0.7361,0.80356357176673
420,0.7344999999999999,0.7868496565579
973,0.7379,0.75390956863671
1526,0.41800000000000004,-1
969,1.0,-1
1498,0,-1
683,-1,0.69892231864417
609,0.738,0.82229340370977
688,0,-1
1602,-1,0.7819851606035
1570,0.5336000000000001,0.7706927274448501
703,0.5321,0.76137486628869
1335,0.5796,-1
767,0.7369,0.83671634753323
673,-1,0.79229234142795
1467,0.7396,0.7650881194885399
1090,0.5402,-1
1504,-1,0.72625868071605
87,-1,0.68375127528471
523,0.5464,-1
887,0.7495,0.76833232629542
2096,-1,0.8102806880756099
1028,0.5337000000000001,0.80634433191124
127,0.5297000000000001,0.79910430103298
1282,0.7361,0.78712370322855
1848,-1,0.7648306594652801
1389,-1,0.71810949752629
984,0.7632,0.8240809363064
1688,-1,0.76265804124031
872,0.7381,0.79199526463059
1359,0.5328999999999999,-1
1520,-1,0.7283633955484701
227,0.7374,-1
1463,0.7429,0.7800255929284701
2032,-1,0.83670749748957
148,0.7847,-1
1367,0.793,-1
634,-1,0.80374987355685
224,0.7375,0.82687511862769
1788,0.5312,0.74233947131783
536,-1,0.7194392690345099
396,-1,0.77074844497689
729,1.0,0.955492820346059
1420,0.5341,-1
1609,-1,0.78199984470508
145,0.7843,0.77829850650049
380,-1,0.78216237639424
1259,0.5432,-1
970,0.7379,0.81815881325268
1265,0.768,-1
1007,0.5337000000000001,0.76825335277785
429,0.738,0.79380492911022
1236,0.5412,-1
32,0.7344999999999999,-1
801,0,-1
1195,0.7344999999999999,-1
1382,0.5328999999999999,0.77406612565982
1747,0.7843,-1
1908,-1,0.76429094850108
1365,0.5328999999999999,0.80454417406962
1920,-1,0.76349406944362
1468,0.7396,0.75652761235837
779,0.7344999999999999,0.80137265047084
1708,-1,0.76482738355834
98,0.7605999999999999,0.72010699045798
1475,0.7719,-1
675,0.5405,0.86142848592528
878,0.7632,0.78323920828986
1115,1.0,0.923465845150646
1945,0.7306,0.75953086189599
1943,0.7377,0.77309888806667
333,0.7705,-1
1765,-1,0.79216872154599
422,0.7344999999999999,0.78063393381455
1006,0.5312,-1
1210,0.5405,-1
1130,0.5281,0.77532187454204
791,0.7369,0.77743059691378
888,0.7795,-1
1003,0.54,0.78581230122585
431,0.7377,0.8004707839607
2061,-1,0.88920485228344
2035,0.7344999999999999,-1
1453,0.5786,0.74375362709113
263,0.7349,0.79907715719406
1174,0.5311,-1
74,-1,0.7668110276758799
25,0.7387,0.7486104141733
1651,-1,0.7024147658808699
1737,-1,0.83337030267959
1470,0.7396,0.77725070915981
592,-1,0.78944511503842
1309,0.7388,0.7596378482224699
417,-1,0.77815238984989
1120,1.0,0.924349903059565
1646,-1,0.78864966382793
1557,0.5651999999999999,-1
2063,-1,0.8894726221866001
1625,-1,0.75507764229339
1754,0.7843,-1
1079,0.5329999999999999,0.89244545996777
947,0.7403,0.76517399370438
1938,0.7356,-1
1358,0.5328999999999999,-1
829,0.5401,-1
1056,0.7538,0.76233400824978
929,-1,0.87649856454675
606,0.5307999999999999,0.81560137478539
832,0.5408999999999999,0.81132159297218
1097,0.7389,-1
279,0.7391,0.77812665840311
385,-1,0.7950586757087
468,0.7376,0.82394669484853
1071,0.5092,-1
1416,0.7369,-1
797,0.7952,0.77157019604685
1025,0.5337000000000001,0.79552997577368
2057,-1,0.88702330833905
331,0.33919999999999995,0.85176117709152
1525,0.41800000000000004,-1
720,0.5393,-1
1357,0.5328999999999999,-1
1661,-1,0.77022803390865
1183,0.5656,-1
357,0.5328999999999999,-1
959,0.5393,-1
1400,-1,0.66609074877007
425,0.7344999999999999,0.77362613823507
2039,0.7344999999999999,-1
1510,0.746,0.72459553666543
1373,0.7605999999999999,-1
1784,-1,0.8204900950651
360,0.5328999999999999,0.81749246234
2104,-1,0.79289974575406
1653,-1,0.75436099282071
449,-1,0.7527287294742699
1223,0,0.74203288468578
2067,-1,0.8464671558838
576,0.5917,-1
413,-1,0.7818595420802
1593,-1,0.77787992689678
1297,-1,0.77673911921888
1898,-1,0.75511789419994
1462,0.7429,-1
405,-1,0.77832752927141
1702,-1,0.76483380736224
1590,-1,0.78190946964119
863,0.7418,0.84050091458532
1242,-1,0.7735098796234
1368,0.7409,0.82264575941214
1425,-1,0.7068860991325701
1649,-1,0.77997676566523
144,0.5411,0.71161888286247
287,0.7344999999999999,0.80410083665985
241,0.5328999999999999,0.8122495528991001
1279,0.7409,-1
1322,0.7387,0.77651021557358
882,0.7695,0.7838677002530801
2042,0.5579000000000001,-1
30,0.7349,0.7770426582016
1928,0.7369,-1
1502,0.5606,-1
993,0.7468,-1
1364,0.5328999999999999,-1
1881,-1,0.7644818488622
220,0.7391,0.79098269781681
1455,0.74,0.75149553977297
1596,-1,0.78212375947455
1563,0.7336,0.72618619505799
1531,-1,0.77359898208039
1432,0.7495,-1
299,0.7434000000000001,0.7632583175858
934,-1,0.87648340888544
1089,0.7418,-1
1128,0.75,0.83448832741623
58,0.7567,0.79020042609134
1004,0.5312,-1
1141,0.7952,-1
390,0.7427,0.7813275595082401
757,0.5428999999999999,0.83149887047445
367,0.5328999999999999,0.80999588476905
453,-1,0.7220364974782401
1492,0,-1
1978,-1,0.70834218230098
1471,0.7368,-1
793,-1,0.73678118810989
936,-1,0.87649831536926
910,0.7364999999999999,0.77785505864148
1951,0.2128,-1
1304,0.5392,0.7598219197623
884,0.7564,0.78049930376914
1437,-1,0.74323755620387
105,-1,0.6374450441584201
1177,0.7395,0.8183062893056701
1610,-1,0.77797418394615
1810,-1,0.75790642305488
1209,1.0,0.933094237224302
1632,0.7521,-1
697,-1,0.82965969187143
1051,0.7358,-1
1927,-1,0.80179075978382
1156,-1,0.6189684204135399
1624,-1,0.7351146153250401
123,-1,0.69933778686117
1072,0.5327,0.7660162635228001
834,0.5402,0.8329828304850599
1698,-1,0.76345532939016
1952,-1,0.75998895432793
2055,-1,0.84823235254763
804,0.7441,0.80091253135138
212,0.7605999999999999,0.7764481538897801
1577,0.5336000000000001,0.82626458069031
448,-1,0.7244184677227901
203,0.5405,0.86878737270102
176,0,0.88496503001476
1571,0.5336000000000001,0.77114275871584
26,0.7387,0.74861038358441
35,-1,0.904894767472353
1889,-1,0.76484127343749
1899,-1,0.76086512043071
960,0.5606,-1
1319,0.7369,0.81021978314792
1121,0.746,0.902132585248669
1369,0.5213,-1
1630,-1,0.77747920207521
2064,-1,0.8862804442375201
840,0.5399,0.83534406857455
1647,-1,0.81544624983808
1350,0.5328999999999999,-1
1886,-1,0.76263568524242
1979,-1,0.80020532106105
2053,0.5389999999999999,-1
85,-1,0.70992579555731
815,0.7395,0.89199520639542
223,0.74,0.81746959514127
925,-1,0.87649196569401
371,0.33230000000000004,0.79612543069066
1114,1.0,0.923327454032055
833,0,-1
395,0.7394000000000001,0.8094430517379
1206,0.55,0.7951213018396199
1281,0.7362,0.77043564428605
1288,0.7336,0.76662656102567
1452,-1,0.7563669166600799
641,0.5328999999999999,0.77493412838465
1313,0.7387,0.81792684751675
301,0.5461,0.7767133383320199
857,-1,0.78319703309958
1816,-1,0.77441714823014
43,-1,0.79910430604475
1664,-1,0.68950367136906
1296,0.7336,0.7989537968628
221,0.7441,0.8044523334344
336,0.5768,-1
1640,0.7521,-1
1436,0.768,0.78840371492184
1987,-1,0.75896406523734
622,0.33230000000000004,0.79885484868335
392,-1,0.78760400651829
561,0.32830000000000004,0.7883794810564699
1380,0.5988,-1
1200,0.3294,0.73953405413134
408,-1,0.76493064684854
1081,0.7113,-1
2011,-1,0.84731367270344
1901,-1,0.7642949309077101
137,0.7344999999999999,-1
1600,-1,0.7821134287253599
880,0.773,0.8015967531943999
1014,-1,0.7803365214922
1316,-1,0.7632749205079
466,-1,0.66166788144705
1956,-1,0.7969556492488
612,0.5323,0.81004343542155
927,-1,0.87650100090673
686,0,-1
1869,-1,0.76087073967438
1422,0,-1
1439,1.0,0.75979630254896
1291,0.7336,0.80165095246727
1789,0.5312,0.8303883891246
1863,-1,0.76086635003706
1199,-1,0.78662725393419
1734,-1,0.82507651745846
552,-1,0.7807225275323499
386,0.5407,0.75752018697714
700,-1,0.69461139086669
382,0.9981,-1
862,0.5402,-1
1024,0.5337000000000001,0.77776711458275
1561,0.78,-1
1566,0.5306,0.80131031895448
1703,-1,0.76097277052914
899,0.7365999999999999,0.75977631775833
1342,0.5947,-1
1091,0.7414000000000001,-1
847,0.5336000000000001,0.86821549406679
867,0.5302,-1
1555,0.735,0.77021477486139
132,-1,0.76070372016919
401,0.7376,0.77335021568257
893,0.5703,-1
938,-1,0.8660949028635601
1906,-1,0.76261709024442
939,-1,0.85879550326176
139,0.7779,-1
553,-1,0.78122848316839
715,0.7367,0.77746426214294
2037,0.7817000000000001,-1
782,0.7362,0.76400253280879
1806,-1,0.6957993337128601
948,0.7408,0.72245362528735
1583,0.7247,-1
292,0.5396000000000001,0.7967640636544
540,-1,0.76796342013182
868,0.5298,0.87761350485783
2024,-1,0.89439773617248
1778,-1,0.75310455432585
1172,0.5311,-1
215,0.7372000000000001,0.81516888891265
788,0.17179999999999995,-1
463,-1,0.74418656767182
615,-1,0.7032882473193001
544,0.7797000000000001,-1
1055,0.5312,-1
1329,0.5608,-1
631,-1,0.75242091247023
1634,0.7521,-1
434,0.7369,0.81223795088571
1683,-1,0.76443161005118
316,0.7399,0.76258823861521
168,0.7349,0.81761092238133
595,-1,0.7777202351739401
1158,-1,0.75911037853673
397,0.7391,0.79260889178854
432,0.7377,0.75498014898055
811,0.5331,0.83053911176065
912,0.7361,0.74964739589669
403,-1,0.7286003041884099
70,0.5583,0.5907528773352
170,0.5583,0.8118563791038
839,0.5393,0.80319561577523
1113,1.0,0.923464619759669
1211,0.5405,-1
1402,0.77,-1
901,0.7364999999999999,0.7942150337238401
1444,0.78,-1
1418,0.5341,0.80141849048662
86,-1,0.6735168336749999
1586,-1,0.77037236031331
2091,-1,0.81026920321449
410,-1,0.76370057377902
1864,-1,0.76261869771247
1921,-1,0.76350943762573
684,-1,0.7924348053081001
1116,1.0,0.924349315251683
350,0.5328999999999999,0.82272497452792
1678,-1,0.7648384073145
1063,0.5326,0.89200157897043
707,0.7666999999999999,0.8033453002955699
1639,0.7521,-1
1888,-1,0.76429855397073
694,-1,0.8078085503475401
121,-1,0.70449799252619
1315,0.7387,0.78922415249143
1059,0.7538,-1
856,-1,0.80020479818097
1170,0,-1
1882,-1,0.764480006517
1073,0.5327,0.7545062648192
1642,0.7521,-1
112,-1,0.59390011256309
1782,-1,0.77342672570656
207,0.5305,0.82006929149564
1284,0.7361,0.8045749105539
1575,0.5336000000000001,0.75726294717909
1088,0.7414000000000001,0.8078942338948301
113,-1,0.59203988959566
800,0.5379,-1
1118,1.0,-1
1227,0.5363,0.798877842015
550,-1,0.7178288531363299
415,0.7348,0.7922712975228801
394,-1,0.76119077397822
935,-1,0.87649365979134
883,0.5473,0.7834567926546
273,0.3305,0.82570676146188
373,0.7568,0.79493556936266
1036,0.5337000000000001,0.73982133292947
2021,0.7646999999999999,-1
545,-1,0.6852996314050199
704,-1,0.64745541489406
822,0.3305,0.80921899652292
1273,0.5800000000000001,-1
913,0.7374,0.80533065620046
80,-1,0.78117880493184
1302,0.5394,0.8047296966189
363,0.5328999999999999,0.78758659533354
1820,-1,0.69847705059069
962,0.5570999999999999,-1
1187,0.3547,-1
1620,-1,0.78343522384263
1749,0.7843,-1
745,0.7391,0.84792104163244
1538,-1,0.72051662946006
1904,-1,0.76448618835889
1190,0.7399,0.77924661026324
2065,-1,0.83653841040901
1564,0.7395,0.81830580525082
81,-1,0.7734150191990801
1616,-1,0.78765426141655
1325,0.5423,0.7718245132392401
1067,0.5365,0.75487021410265
1559,0.78,-1
290,0.5298,0.78256493759833
1972,0.5409999999999999,0.85686694520654
1643,0.7521,-1
1827,-1,0.76857063998092
387,0,0.74520239270447
61,0.7468,0.80788717919834
1144,-1,0.71834232338504
1180,0,-1
364,0.5328999999999999,0.81164857588466
1501,0.5606,-1
1768,-1,0.6438939733120099
1581,0.5336000000000001,0.76562078515697
1112,1.0,0.923326888883091
896,0.7396,0.85209324804461
1326,0,-1
1407,0.7683,-1
1953,-1,0.75476957817724
140,0.5402,0.84883649505007
24,0.7387,0.74860922229238
303,0.5424,-1
436,0.7388,0.7557299718492
205,0.5307999999999999,0.81490589460122
1301,0.8,-1
1171,-1,0.64595644698802
772,0.5299,0.70729800843601
1353,0.5327999999999999,0.6536566843669
322,0.5293,0.8017339850451299
945,0.7601,0.7155676708043
1175,0.5318,0.78329042702243
1314,0.7387,0.84572989093913
1213,-1,0.8029584180898099
1576,0.5336000000000001,0.7576721047549
1110,0.7619,-1
1801,-1,0.81283592442677
73,-1,0.75784237953822
806,0.7381,0.80366798923182
2006,-1,0.89089101208501
1397,-1,0.6687277247868799
99,-1,0.6300111182065999
172,-1,0.88748932605279
565,-1,0.7559433134304601
1075,0.5447,0.7499222045071801
922,-1,0.87648953677212
1125,0.75,0.89985506257385
1139,0.7971,0.7919719539357
940,0.7396,0.75827699522418
1839,-1,0.760761643742
1973,-1,0.68347762397174
599,0.5382,0.81107616374427
941,0.7374,0.7641754274147801
302,0.7417,0.77359619339334
807,0.7381,0.80791425389468
590,0.7475,0.79312253889332
62,0.7391,0.80854845515092
441,-1,0.78736786958382
1231,0,-1
1500,0.7605999999999999,-1
1975,-1,0.74228718409947
1541,-1,0.7377348638167001
1808,-1,0.7232642234091899
1892,-1,0.7644915989023899
118,-1,0.64323216419801
1807,-1,0.73860317664816
1766,-1,0.75651345080799
454,0.5431,0.78325712600249
388,-1,0.79994690651089
414,-1,0.74507369516246
1933,-1,0.77185155688717
1237,0.7643,-1
1548,-1,0.76564094178874
593,0.9713,-1
1345,0.5327999999999999,-1
1619,-1,0.7880068037251999
1723,-1,0.7452385107942501
573,-1,0.8013508157507
1410,0.5405,-1
1542,-1,0.80654889652885
915,0.7375,0.77988575544553
982,0.7411,0.8105590867929
577,0.5397000000000001,0.79991035140514
691,-1,0.67667058965159
133,-1,0.76687040704137
1131,0.7384999999999999,-1
1974,0.5347,0.73757472862279
1994,-1,0.74480963155601
1083,0.7402,0.7559000554702
1876,-1,0.7626252685939
201,0.7391,0.921711997789474
1324,0.5423,-1
1769,-1,0.7749611670550001
1362,0.5328999999999999,-1
2070,-1,0.8479415474137599
1761,-1,0.7607314732642
1032,0.5337000000000001,-1
828,0.5399,-1
1127,0.75,0.79608780851541
2023,-1,0.7904385018878299
1843,-1,0.7633079515228001
190,0.5348999999999999,0.7511098311694799
1826,-1,0.76826653671576
1731,-1,0.76439023339054
541,-1,0.7682380660213299
219,0.7391,0.81255896343549
1579,0.5336000000000001,0.7216803388240101
1681,-1,0.76429079466994
2012,-1,0.85786903367566
792,0.7369,0.72376765748142
1849,-1,0.76348988988399
1423,0.5383,-1
1133,0.531,-1
1392,0.7362,0.78861752010354
876,0,0.77333045242898
1989,0.736,0.79065826024943
965,0.737,0.809706561357
92,1.0,0.76444852609768
809,0.531,0.81887844026563
1912,-1,0.76448230810137
1466,-1,0.7676402211239
2106,-1,0.8094991796936
437,-1,0.7563272056385
128,-1,0.70676550453721
1854,-1,0.76482614581774
1230,0,-1
156,0.7379,0.8000674700350701
1374,0.7397,-1
610,0.738,0.81431486962743
438,0.736,0.82008488641924
1828,-1,0.76856816795862
1107,-1,0.7553307943297201
1706,-1,0.76264317737236
318,0.5387,0.75874623024036
237,0.7349,0.82949510697129
23,0.7349,0.77704141156921
262,0.7369,0.79723365173446
1748,0.7843,-1
352,0.5328999999999999,0.80727228088135
838,0.5393,0.8352686703166801
452,-1,0.6365416990646899
1803,-1,0.73174164925714
312,1.0,0.773520426409
1546,-1,0.7472914087317499
169,0.5424,0.80617564956542
1982,-1,0.74867477614813
679,-1,0.77252899865748
974,-1,0.81944873774979
1885,-1,0.7608842558992099
1870,-1,0.76263061822987
165,-1,0.7833932072426499
326,0.5299,-1
629,-1,0.76013829462587
1451,0.7429,0.74918546785865
1937,0.7392000000000001,-1
264,0.7388,0.81514060699839
351,0.5328999999999999,0.80446841193067
1779,-1,0.79030224126565
1611,-1,0.79297863641605
708,-1,0.7294923400839399
95,0.5318,0.74241310075248
1604,-1,0.78104818807804
1426,0.5479,0.77159260670554
816,0.7438,0.7867495255190999
1372,0.5395,-1
1755,0.7843,-1
182,0.4434,-1
1909,-1,0.76482797168425
1038,0.5337000000000001,0.7398396695398399
743,0.7391,0.76141842398764
416,-1,0.8011012146954299
556,0.7468,0.81375345994287
419,-1,0.75799067323892
9,0.4396,-1
288,0.5347999999999999,0.79098679359895
6,0.4396,-1
222,0.5373,0.7875324142923
315,0.7399,0.77169272505131
818,0.7438,0.939831275868959
79,-1,0.75084830030764
1483,0.7349,0.80145356954753
748,0.7391,0.88022071222243
1837,-1,0.80587770811024
568,-1,0.75594138599894
1694,-1,0.76264966293599
332,-1,0.88200798879397
956,0.74,0.75630738423365
406,-1,0.7029356103350299
955,0.74,0.75400353317566
1623,-1,0.7839339563451699
1791,0.5809,-1
1672,-1,0.75885738246902
682,-1,0.8096397286565999
2066,-1,0.84152863770935
27,0.5328999999999999,0.79493133385514
618,-1,0.72419713331725
1300,0.5393,-1
404,0.5405,0.7498452630508601
2026,-1,0.88798637338218
1629,0.7401,-1
430,0.749,-1
2107,-1,0.80950013624107
47,-1,0.78665380157117
842,0.5393,-1
278,0.7343999999999999,0.82253104661159
296,0.7415,0.75668481343615
300,0.5505,0.79085379764495
1950,-1,0.83665524048402
11,0.46799999999999997,-1
208,0.5307999999999999,-1
2010,-1,0.84239616034358
946,0.7349,0.73223941950569
971,0.7379,0.78881477994456
1530,0.5425,0.79377625616533
1035,0.5337000000000001,0.76716543961011
78,0.5565,0.75262313485246
1729,-1,0.78617596931291
1551,-1,0.75123246501974
1903,-1,0.76350653560449
642,0,0.84048419847082
2022,-1,0.73405681367537
173,0.7509,0.89278094271714
284,0.5321,0.72780777267106
64,0.735,0.81164393342414
854,-1,0.78337882987006
907,0.7361,0.78556481371186
1666,-1,0.75571952511934
1262,0.7394000000000001,0.81259421658188
427,0.7344999999999999,0.75100497074688
152,0.5407,0.78203276402916
134,0.2892,-1
1670,-1,0.78021080207076
1340,0.6,-1
1078,0.5447,0.909830235797576
1442,0.5726,0.79159818408306
1478,0.776,-1
1738,0.7352000000000001,0.76652550355231
125,-1,0.70865126899929
1117,1.0,-1
844,0.5407,-1
178,0.7626,-1
1134,0.5307999999999999,0.78866266799386
19,0.7468,-1
107,-1,0.58714081446736
711,0.7378,0.76745601575309
873,0.7381,0.86436373255755
879,0.7753,0.80252583451587
198,0.7408,0.87498544368999
681,-1,0.79595102288042
180,0.5606,0.81084940874848
1151,-1,0.61636012992697
259,0.7373000000000001,0.80948908660819
917,0.5362,0.79183822407758
1479,0.3317,-1
775,0.7344999999999999,0.75319817654287
1569,0,-1
1893,-1,0.76449025758088
1295,0.7336,0.81494374874131
1726,-1,0.74580797418166
659,0.5328999999999999,0.82544234898117
1049,-1,0.6773427296930801
1613,-1,0.78203846827679
1780,-1,0.78191326958474
611,0.5323,0.80908836221932
1332,0.7947,0.75599299811845
1048,0.7792,-1
858,-1,0.78480009059747
1970,-1,0.7253801041785499
1255,0.5606,-1
2027,-1,0.89728217501604
1155,-1,0.6992309190703401
1019,0.5337000000000001,-1
1398,0,-1
1800,-1,0.81105303347004
1716,-1,0.77307589788264
988,0.746,0.80835833248409
1845,-1,0.76085852210755
115,-1,0.5858812170812799
1880,-1,0.76349525585532
1503,0.7605999999999999,-1
1595,-1,0.77816367268965
10,0.06710000000000005,-1
958,0.5393,-1
2105,-1,0.79865453914981
1999,-1,0.75014861223301
455,-1,0.78164250830744
1109,0.5401,0.80335067087066
1622,-1,0.7866615419076299
