Id,geacron_similarity,concept_similarity
805,0.9994,0.71630105582642
1638,0.9867,-1
59,0.9867,0.7009885063477199
1450,0.9958,0.66548398169406
1002,0.7969999999999999,-1
1572,0.4887,-1
1925,-1,0.7461127083477199
1181,0.7966,0.76956147114469
286,0.7934,0.83303064291177
2014,-1,0.72176039466436
1781,-1,0.70449638988142
1323,-1,0.68417341930704
1222,0.7982,0.88618502447681
365,0.7942,0.8184646935807001
158,0.7989999999999999,0.7447616120071701
1868,-1,0.74607654501687
954,0.7982,0.74546354465892
949,0.7781,0.6951069606102
1105,-1,0.73502899865254
626,0.7983,0.917243556176166
33,-1,0.72850735038977
1044,0.795,0.74101553369184
18,0.7936,0.81301945715116
937,-1,0.70701942714835
323,0.4838,-1
51,-1,0.7316309842926
1203,0.9991,0.71610846160007
1225,0.7995,-1
930,-1,0.70702464494145
1305,0.7995,0.89214628928257
1750,0.5213,-1
1460,0.9958,0.68974018897861
1824,-1,0.73050460243224
206,0.7921,0.8219571783999899
1194,0.7958000000000001,0.68645541505065
632,0.9993,0.71461294545275
909,0.9978,0.68382746117543
903,0.9978,0.69678281543328
1307,0.9989,0.908380906012088
943,0.7962,0.70701918088908
1064,0.7939,0.52492264631535
891,0.7755,0.70293741473084
1540,-1,0.70473331252355
1614,-1,0.67301936355084
1318,-1,0.7206131041074
1847,-1,0.74450707647018
654,0.7985,0.72572965873248
570,0.7774,0.72479564560105
2000,-1,0.6739437606162499
1487,0.7935,-1
1637,0.9867,-1
1872,-1,0.74516525280093
1176,0.5918,0.7598902328096699
1936,-1,0.7078808356750099
710,-1,0.7496606633532901
268,0.7918000000000001,0.88980287494196
1690,-1,0.73888452322329
185,0.9962,0.70920412362813
796,0.7983,0.8783473568032
528,0.37660000000000005,-1
1777,-1,0.70669445361882
293,0.5439,0.6951124499044801
450,-1,0.7010477265261801
362,0.7942,0.83783557712323
1644,-1,0.67641285736243
2009,-1,0.72393916150663
462,-1,0.7138184429421399
1771,-1,0.74820630448321
1799,-1,0.67436172595347
756,-1,0.7263251279784799
1767,-1,0.70245677227515
1219,0.7732,-1
2103,-1,0.72334485754206
1393,0.7781,-1
1656,-1,0.7032573552042201
188,0.9986,0.71000192947412
2085,-1,0.75050517243659
75,-1,0.7131431287580501
1164,0.7939,-1
298,0.7883,0.69938731827656
1351,0.7942,-1
1370,0.7781,-1
1929,0.7973,0.74546461362789
1874,-1,0.7461024512110099
1276,0.7682,-1
1636,0.9867,-1
764,0.7925,0.72526698192747
738,0.5369999999999999,0.7136200900596801
1568,0,-1
1320,1.0,0.8257576649003899
2102,-1,0.71489441680916
727,0.7387,0.74861038358441
2016,-1,0.71968493564623
608,0.9993,0.84443458925961
1413,-1,0.74665602506617
702,-1,0.6941460852033701
1962,-1,0.74877878446766
1092,0.7985,-1
1858,-1,0.74699936067774
963,-1,0.76143936898313
1742,0.5213,-1
1695,-1,0.73964389485578
677,0.7982,0.69544411143818
824,0.7994,-1
1762,-1,0.76179872057656
1229,0.5946,0.68346193841641
1184,-1,0.78349465886536
1100,-1,0.71290210285263
22,0.9993,0.7041571576179799
623,0.5936,0.85317808697789
1963,-1,0.7378918676387101
440,-1,0.72419889391873
1188,-1,0.69975955930409
1883,-1,0.74609284771656
640,-1,0.945341503679043
102,-1,0.64569882616911
1693,-1,0.73825721860396
1198,-1,0.70972789957285
1910,-1,0.74474942076757
1417,0.9987,0.66130295976358
1448,0.5213,0.6859550835155299
228,0.9967,0.920103862137064
1331,0.7623,0.68417906661558
285,0.7934,0.91046191315022
1226,-1,0.69331431774176
843,0.7994,-1
1054,0.9889,-1
1430,0.796,0.67649317625868
785,-1,0.7489037274767
1759,0.5213,-1
1333,0.7583,0.7018620991562701
1026,0.795,0.6904379052169001
1556,-1,0.66652906252303
1758,0.5213,-1
1648,-1,0.7287033868364601
1272,-1,0.70516765212163
781,0.7975,0.83240160667354
1802,-1,0.6774422148682899
1878,-1,0.744536854624
1763,-1,0.72057839980128
616,-1,0.68772671584833
1186,0.7899,-1
1490,0.7938000000000001,-1
740,0.996,0.72078484262914
992,0.9919,-1
1547,-1,0.6994997916214101
1743,0.5213,-1
998,-1,0.6604213410286199
8,0.37660000000000005,-1
226,0.9962,0.939905188851407
597,-1,0.7056691845123599
1094,0.9961,0.7198511852162299
1720,-1,0.75596553942712
1376,0.787,-1
1137,0.7916,-1
1995,-1,0.72971548485706
277,0.7969999999999999,0.8559081330972
1286,-1,0.71717113924464
977,0.9985,0.71368185442342
1330,0.7337,0.71770033596061
4,0.37660000000000005,-1
760,0.7848999999999999,0.7455760178794499
1873,-1,0.74475922250339
1684,-1,0.7388783583051
1039,0.795,0.68569315044906
1679,-1,0.73865766741314
994,0.9904,-1
1087,0.5985,-1
980,0.9976,0.71644150138289
817,0.5949,0.71776731032797
619,-1,0.74712873925888
183,-1,0.74674845266874
951,0.7962,0.6951295619962701
1104,0.9904,-1
895,0.9991,0.71203938564191
2003,-1,0.7206006202841899
256,0.9993,0.84476965443261
716,0.7992,0.73893209482061
76,0.984,0.7233696139150201
1193,0.7958000000000001,0.7138190967383
193,0.5889,0.68670307190724
2028,-1,0.7056235781958999
1041,0.795,0.6741720434923699
1197,0.7958000000000001,0.73978540807434
1474,0.7666999999999999,-1
1337,0.7937,-1
202,0.7781,0.72078206121121
1902,-1,0.7451570291973
706,-1,0.74230680408871
1671,-1,0.704161037852
1494,0.7988,0.72603151992126
1959,0.7662,-1
1239,0.7654,-1
539,-1,0.73460486645224
1923,-1,0.7460982974104899
563,0.9985,0.6920529421108901
964,-1,0.6942580067737101
1391,-1,0.7014856958241
1833,-1,0.70528641441444
635,-1,0.71899491315742
186,0.9988,0.69974172752915
721,0.7994,0.70338109959264
1449,0.5213,-1
1964,-1,0.75217922713486
21,0.9919,-1
953,0.7982,0.7255270384888199
1606,-1,0.71436824300158
280,0.7983,0.963612940146087
1361,0.7942,-1
799,0.2097,-1
1627,0.9988,0.66554047337241
68,-1,0.931705408200493
2081,-1,0.72045979362768
521,0.5947,0.73932656260717
77,-1,0.71203518734127
784,-1,0.7012304576503701
1017,0.795,-1
2007,-1,0.70277446992559
1344,0.7983,0.69483772407933
46,0.7145,0.67740072042278
645,0,0.69760204822158
996,0.7587,-1
1375,0.7953,0.68708841616745
1519,0.5956,-1
225,0.7967,-1
1871,-1,0.7445516735290401
885,0.9892,0.7162860722434801
737,0.5369999999999999,0.6772744598753799
1214,0.7706999999999999,-1
330,0.7968999999999999,0.7307267314683901
17,0.7936,0.82100392700335
314,0.5369999999999999,0.70981915465484
1506,-1,0.73733223248615
1070,0.7994,-1
1794,-1,0.72906074076056
339,0.7942,0.87484949841664
119,-1,0.63257407593823
894,0.4827,-1
2001,-1,0.7278676945226801
547,-1,0.70473235337364
1464,0.9958,0.68242202304947
1699,-1,0.7382449472646699
644,0,0.6945046190389901
739,0.9996,0.6941563044147
639,-1,0.7376904583134001
746,0.7913,-1
1027,0.795,0.69714355939954
717,0.5918,0.74945212903573
72,-1,0.71928161472188
981,0.9976,0.7294470452233099
741,0.9996,0.70039856449635
1157,-1,0.7269834960249699
1977,-1,0.68379444998831
1477,0.7718,-1
289,0.7958000000000001,0.83152837682114
630,-1,0.72414506382903
751,0.9993,0.7344139314871
366,0.7942,0.923488731959831
1505,-1,0.74233857957087
861,0.7994,-1
1386,0.7961,0.68169126901237
1278,0.7942,0.8619651411831
1594,-1,0.67435599437993
307,0.5226999999999999,0.67347841634583
1673,-1,0.73865222862061
718,-1,0.69649782220472
687,0.7633,-1
459,-1,0.6875324968298
1680,-1,0.7382929752820899
1119,0.7387,-1
267,0.7918000000000001,0.88192230757708
1111,0.9768,-1
297,0.7901,0.68387608291891
652,0.5369999999999999,0.6856628397488
1246,0,0.69622293789069
89,-1,0.69241814864315
3,0.37660000000000005,-1
1280,0.7979,0.907754890780601
753,0.9993,0.7067137882840799
368,0.7942,0.8203443070315399
583,0.7985,-1
594,-1,0.72758833338523
660,-1,0.74561219550685
197,0.9996,0.72443947623494
1101,0,-1
905,0.9975,0.6911453805375101
624,0.7983,0.917533296319951
1717,-1,0.7553560782536
1967,0.9906,-1
196,0.7853,0.51346889806742
1102,0.9971,-1
391,-1,0.66511510782103
1894,-1,0.74611080292127
1811,-1,0.6887973667699501
531,0.355,-1
1991,0.5895,0.69290966257982
1077,0.794,0.70830691687057
1829,-1,0.70761769074441
167,0.7781,0.7106834341797801
1132,0.29869999999999997,-1
932,-1,0.70700657350428
813,0.9904,0.6785300920388599
407,-1,0.7392722169619901
1377,0,-1
310,0.5034000000000001,-1
808,0.7923,0.73495745943783
972,0.9992,0.68460614357471
1508,0.9999,0.69790177697595
275,0.7987,0.862822619776
653,0.9945,0.71433971788565
1657,-1,0.71506296125805
1149,-1,0.67555142470092
1875,-1,0.74518599848692
162,0.7962,0.67384563731122
680,-1,0.79354711395368
1459,0.9958,-1
1387,0.7961,-1
604,-1,0.74503710043493
1838,-1,0.70673991162544
1034,0.795,0.7159263631977699
866,0.7985,-1
146,0.7405999999999999,-1
1915,-1,0.74519457930888
999,-1,0.6509892994126101
327,0.792,0.50715777789963
1327,-1,0.72923715869265
2004,-1,0.72013303998318
1744,0.5213,-1
1317,-1,0.74898819178552
1234,0.7994,-1
342,0.7942,0.83992329479883
1076,0.794,0.73077673103953
248,0.5936,0.85318187167072
1532,-1,0.7324028813749399
1844,-1,0.74781883205927
699,-1,0.6715377433101
1040,0.795,0.7128081424503601
255,1.0,0.82247124418793
149,0.7966,0.72850737441873
65,1.0,0.9999999081471697
1138,0.8,-1
724,0.5369999999999999,0.7200442879621001
770,0.7973,0.7379541417785
1346,0.7988999999999999,0.918631793027852
211,0.7781,0.937201530421956
1482,0.7968,-1
1631,0.9867,-1
1208,0.5926,0.72245812626539
777,0.7958000000000001,0.68691084009031
529,-1,0.7175587055503401
1942,0.7955,0.71382604687039
1103,0.9904,-1
1507,-1,0.73175466245439
1404,-1,0.69270843282886
1312,0.8,0.83705272403289
1574,0.7948999999999999,0.66268244671933
370,0.7975,0.88581108005665
1201,0.7991,-1
1732,-1,0.7247285710593401
458,-1,0.70910444461983
1705,-1,0.7382331849098
726,0.5369999999999999,0.73187347071878
309,0.5034000000000001,-1
1287,0.9949,0.83392774234116
251,0.9981,0.88564845081864
1946,0.7992,-1
114,-1,0.62243597436027
1740,0.9965,0.926465025166598
1599,-1,0.67216104942029
1106,-1,0.6982362659754799
2008,-1,0.70278331169456
1741,0.5213,-1
1958,0.7662,-1
690,0.7633,-1
605,0.7919,0.74300363907582
160,0.9991,0.74051982527566
1861,-1,0.74472861287966
1905,-1,0.74515590592357
253,0.5379,-1
2030,-1,0.7035155107353099
591,-1,0.70817972670436
1971,-1,0.7070996846498501
36,-1,0.72006024048047
923,-1,0.70699318351649
1790,0.7745,-1
1948,0.7992,0.6773131157046299
1123,0.7927,0.7390554744322599
851,-1,0.7115705577165701
1650,-1,0.68284153614075
1601,-1,0.67256550049993
1911,-1,0.7460935951195999
1931,-1,0.73984381731164
52,0.7761,0.7254539696693201
1914,-1,0.7447390028388
848,0.7985,0.74890016327605
1414,0.9982,-1
1294,0.9949,0.81967717465384
1588,-1,0.71072759549929
1745,0.5213,-1
218,0.9996,0.86638878158536
34,0.2218,-1
334,0.7824,0.71409477155871
892,0.5228999999999999,-1
265,0.9986,0.8658767874932
1328,0.7999,-1
1379,0.994,0.76753017022413
1521,0.355,-1
1662,-1,0.6808649249282099
353,0.7942,0.84231593263496
728,0.5369999999999999,0.72183844323547
492,-1,0.6867971544577101
889,-1,0.74334826681061
1252,0.9812,0.72685777832651
1169,0.7937,0.70225580450783
1830,-1,0.72663721709203
1891,-1,0.74476634727254
1303,0.7995,-1
991,0.7923,-1
346,0.7936,0.88111048113145
276,0.796,0.8724245761243
1429,0.7859,-1
1390,-1,0.7157260425352601
439,0.9928,0.86974765168895
210,0.06879999999999997,-1
1992,0.5895,0.6874993586146
1189,0.7992,0.7278581173415499
1897,-1,0.74517132584021
551,-1,0.69182906077
1152,-1,0.67753277365582
1499,0.7781,-1
2005,-1,0.70337870536031
1511,0.5701,-1
1853,-1,0.7445164372619699
329,0.7988999999999999,0.72621184638838
171,0.7781,0.7336962007845
1084,0.7959,0.7157035072286
890,0.9892,0.70867806608121
648,0,0.69887964144365
389,-1,0.7442691791229901
911,0.9978,0.71395583364159
794,-1,0.72597190107235
1347,0,-1
1509,0,-1
1682,-1,0.74041478854453
344,0.7942,0.82541403329843
1652,-1,0.7177839763437099
575,0.5186999999999999,-1
1339,0.7937,-1
1489,0.7484999999999999,-1
66,0.7995,0.96290091474313
1957,0.7886,-1
898,0.9978,0.7287655825485899
97,0.995,0.68194006056804
916,0.998,0.72306710556453
83,-1,0.68406732714396
689,0.7633,-1
1722,-1,0.70997050528808
875,0.7979,0.7396227664197901
1292,0.9949,0.81967352420701
2075,-1,0.73221325734092
1598,-1,0.6746931303652299
1545,-1,0.67963197854658
674,-1,0.74693442537756
1621,0.9988,0.6816315289974799
1550,-1,0.7166900370307
830,0.7978000000000001,0.71473390668988
952,0.9781,0.70703296771552
1264,0.9872,-1
444,-1,0.71086252086593
101,-1,0.70200565502805
1757,0.5213,-1
918,0.9987,0.7505311424911
1472,0.5912999999999999,0.81248151046188
763,0.7986,0.72655105012676
928,-1,0.70702988164461
1776,0.7962,0.72027096912427
574,-1,0.71819666777276
600,-1,0.7226992130837699
398,-1,0.64388397103298
931,-1,0.70703165495465
2060,-1,0.70562165158319
291,0.7967,0.7338076319654601
372,1.0,0.81166539709299
1093,0.9961,-1
60,-1,0.72778259772272
191,0.9982,0.70011141867895
239,0.9988,0.904057710211394
1205,0.7663,-1
1143,-1,0.69177320038593
900,0.9978,0.6948825986104
744,0.9996,0.87399068945297
1411,0.7862,0.69095014928088
2013,-1,0.72020926154524
1815,-1,0.73574805448728
1269,0.7904,-1
1707,-1,0.7396267441191999
1668,-1,0.70833467179567
1047,0.7879,0.72761199379507
1415,0.7567,0.6972547775843301
1528,0.37660000000000005,-1
175,0,0.73866798556058
13,0.405,-1
1797,-1,0.7128362077282
1419,0.7954,0.70125007698988
67,0.7991,0.92084721990955
378,0.5936,0.82671131676443
1578,0.7948999999999999,0.71453037354124
534,-1,0.68674455626535
1496,0,-1
2015,-1,0.71968189763502
1990,0.5895,0.7139816609455301
1160,-1,0.67198138804197
1814,-1,0.68883509440921
1011,-1,0.7066689158081301
377,0.7987,0.76307208841769
1515,0,-1
1817,-1,0.74912308026608
129,-1,0.75568176312074
2069,-1,0.7209837938397
234,0.9965,0.926467044968985
1836,-1,0.70301653351063
580,-1,0.7461741143723599
247,0.9962,0.911864129230735
1549,-1,0.7390258567419701
1696,-1,0.73888080757721
602,-1,0.67168521066286
1349,0.7942,-1
823,0.7977,0.71904117302496
1403,0.5952999999999999,0.73612720736055
1153,-1,0.7218083314759001
1544,0,-1
338,0.39949999999999997,0.7191726479110401
1587,-1,0.7050683287981601
2082,-1,0.72099183731709
49,0.5063,0.71484171945149
1013,-1,0.68519497557161
379,0.5936,0.8679353049891401
1445,0.5206,0.6829415511500301
1258,0.7915,0.8404413370581301
2059,-1,0.7041158553001801
2097,-1,0.7171926908421999
1363,0.7942,-1
732,0.5369999999999999,0.75405570306868
990,0.7927,0.72148542379188
100,0.7937,0.6469663192931401
161,0.9987,0.7455891905416401
1522,0.355,-1
1834,-1,0.70763391755802
88,-1,0.6957924582642
1539,-1,0.70152379989151
1343,0.7941,0.6773191853127001
976,0.9985,0.71057780195057
84,-1,0.68621935767522
554,-1,0.70315542684973
1913,-1,0.7460880682280799
1384,0.9967,0.8168216767155
762,0.7992,-1
769,0.7992,0.71961885914749
14,0.405,-1
28,0.7934,0.910456104803821
174,0.7662,-1
1233,0.596,0.71021868856707
1756,0.5213,-1
685,-1,0.70831216128784
1628,0.9988,0.66609986488148
989,0.7927,0.7215182906487301
1691,-1,0.7386751632009401
343,0.7942,0.84085756604309
1701,-1,0.73963433094194
143,0.7976,0.8501139819094801
1641,0.9867,-1
1812,-1,0.69970621762627
1567,0.7923,0.8300751016232399
789,0.9982,0.72842642862128
966,0.9983,0.83750162767188
1493,0.9892,-1
1565,-1,0.7391658992404699
713,0.9988,0.81916373221067
2098,-1,0.71718291144698
1793,-1,0.6988224964763801
447,-1,0.7383056317760099
1846,-1,0.74700407967074
1433,0.7988,0.70189399917904
402,-1,0.70940904028843
151,0.7912,0.72345009783753
1218,0.7714,-1
1659,-1,0.73890295620812
1178,0.7384,-1
1736,0.9958,0.6829389685276299
250,0.9981,0.941197618169875
1053,0.9889,-1
2036,0.4738,-1
242,0.9982,0.85524681600685
995,0.9904,-1
897,0.9984,0.7338194810776599
1553,0.7695,-1
445,-1,0.69319575979629
924,-1,0.7070245224776299
349,0.7942,0.81828248783816
2041,0.5324,-1
1879,-1,0.7451656161133
192,0.7923,-1
1922,-1,0.74610553665478
651,0.7936,0.8275969487519
798,0.7784,-1
1935,0.7953,0.69270383942906
1728,-1,0.73980603078762
987,0.7923,-1
1021,-1,0.69310062810134
2071,-1,0.72047638358249
1085,0.5935,0.71575835300998
1045,0.7982,0.72362345347781
1857,-1,0.74515492211624
1159,-1,0.7139349965601101
147,0.9919,0.71127435598075
1447,0.7787,-1
1163,0.7997,0.74619674155493
1401,-1,0.7076449228884
2054,-1,0.7033584570425
2090,-1,0.71724807825105
1185,-1,0.72865117054008
1985,-1,0.70649760193914
1431,0.5748,0.68180801434378
1454,0.7894,0.7478974049897
2017,0,0.74806531711194
418,-1,0.64034462244043
1124,0.9943,-1
1804,-1,0.7231963044346901
231,0.9992,0.8409334537785
245,0.999,0.83676249008627
1785,0.7925,0.907316796653661
1016,0.795,0.71532669803675
103,-1,0.74657437812436
1030,0.795,0.6909678142492399
1142,-1,0.7204395393883101
209,0.7919,0.86096818938645
1786,0.7925,0.907570631805959
1046,0.7982,0.7892011891467801
1689,-1,0.7396554224775
1161,-1,0.7057462365617
607,0.7921,0.78739337525576
1396,-1,0.70670370248195
1257,0,-1
1066,0.7605,-1
1145,-1,0.72491634880957
1558,-1,0.68918820790729
722,0.9991,0.68469162027832
1718,-1,0.75788737385307
82,-1,0.66035599000838
2077,-1,0.7265289957183201
874,0.7732,-1
412,0.7923,0.82159493732211
814,0.7387,0.70913582591088
1271,0.7892,-1
2058,-1,0.72159410041564
1266,0.7904,-1
1224,-1,0.74927143006635
2099,-1,0.7172020335726099
1654,-1,0.71773931997937
451,-1,0.69051774285528
271,0.7944,0.82387169765865
2019,-1,0.72134574395772
1062,0.7939,0.73819311203063
705,0.7994,0.7239762959024201
1792,-1,0.70918508235516
1360,0.7942,-1
1098,0.9998,-1
138,0.6844,-1
1235,0.7986,-1
1998,-1,0.71622452084385
1697,-1,0.73865800929162
1751,0.5213,-1
369,0.7942,0.84084883892341
1311,0.8,0.8087091845973899
489,0.9812,0.72384848500123
908,0.9979,0.68987924159807
1635,0.9867,-1
765,0.9987,0.7051183425297001
257,1.0,0.82016079958831
1018,0.795,-1
325,0.7982,0.72362588564628
2038,-1,0.69310586152032
735,0.5369999999999999,0.7282580365045199
1582,0.7948999999999999,0.6618513086847599
1852,-1,0.74699780754869
2095,-1,0.71723746423002
596,0.7761,0.73349856114475
1896,-1,0.74514923572805
1293,0.9949,0.81970118287007
1597,-1,0.6719362499295101
1772,-1,0.71019044482805
1068,0.7983,0.6925160824596099
1512,0.7781,-1
1562,0.7663,-1
157,0.9988,0.7176699107935101
572,-1,0.70179076972463
69,0.9986,0.916376256395923
1289,0.9949,0.70407943512688
2089,-1,0.7505034958233701
305,0.8,0.67432597041301
313,0.5369999999999999,0.6867090992152101
126,-1,0.69247194813381
1677,-1,0.73964251471839
1480,0.7787,-1
1514,0.5974999999999999,0.72014034690247
295,-1,0.69454809840619
1535,-1,0.69822735476443
620,-1,0.72579844949778
2073,-1,0.72098993289347
317,0.9988,-1
1663,0.7962,0.86262601167417
1633,0.9867,-1
1618,-1,0.6877327118934999
195,0.7879,0.75121737599483
1165,0.7996,-1
1968,-1,0.70367704739598
1533,-1,0.7206434312943399
217,0.9996,0.86952644341558
821,0.7703,0.6866318602161701
1086,0.5935,-1
1446,0.7686999999999999,0.6982667744511499
1770,-1,0.73915406784753
2020,-1,0.72319347326288
1135,0.8,-1
1934,0.7953,0.7326680013019999
650,0.5439,0.6981591654452
465,0.7982,0.6988765653170099
1534,-1,0.69463317384156
1080,0.39880000000000004,-1
579,-1,0.71428642296353
177,0.7932,0.71147991561784
1050,0.9998,0.71801008274021
1821,-1,0.7001959707430301
736,0.5369999999999999,0.69893036783659
1,0.37660000000000005,-1
1796,-1,0.7346182036245901
2092,-1,0.71724873710211
1523,0.37660000000000005,-1
871,0.9999,-1
548,-1,0.72292321494367
1095,0.9998,-1
2033,-1,0.73569902792501
213,0.7947,0.8192084619744799
1473,0.758,-1
1031,-1,0.74688205174442
1983,-1,0.74891802820016
1536,-1,0.7112492600253
1212,0.5109,-1
1746,0.5213,-1
381,-1,0.72606640674779
443,-1,0.71100966641537
986,0.7923,0.7139439601929201
1267,0.7904,-1
1735,-1,0.7133801603137699
902,0.9978,0.65533809676356
983,0.9976,0.69518122527729
1096,0.9998,0.73046273012584
254,0.7994,0.8626814363222199
603,0,0.74543749790904
1877,-1,0.7470047050678801
855,-1,0.7144422142748801
1513,0.5369999999999999,-1
1388,-1,0.7282360869041
1819,-1,0.76685075798896
435,0.7961,0.87240053332265
2062,-1,0.70352503022212
589,0.9977,0.6903622048943701
1465,-1,0.67580748648706
1052,0.9889,-1
1352,0.7942,-1
1306,0.7995,0.929915110210774
1336,0.7937,-1
37,0.7908999999999999,0.73923479380494
1355,-1,0.73412447214093
1783,0.7925,0.9068898101783129
588,-1,0.69867706608301
1274,0.798,-1
308,-1,0.70539122007346
1855,-1,0.74473541065032
1645,-1,0.6738705391998401
1058,0.7848999999999999,-1
1488,0.7484999999999999,-1
542,-1,0.70909230351943
530,0.405,-1
831,0.7978000000000001,-1
1290,0.9949,0.81948077537479
1704,-1,0.7382929960996301
761,0.7934,0.74826344193567
985,0.7923,0.69565982090174
1378,0,-1
1984,-1,0.75698533227945
71,-1,0.70466913630775
1832,-1,0.70818567437411
232,0.9962,0.89440717818425
53,-1,0.71799844429784
426,0.7958000000000001,0.87409378916858
1254,0.7913,0.84198367549035
244,0.9988,0.82969859475076
1787,0.7925,0.67007040184603
1730,-1,0.74393510949109
2056,-1,0.7041038543652001
150,0.9977,0.68842449912607
266,0.5918,0.900778803403351
1822,-1,0.7094540760914401
586,0.7994,-1
1940,0.7968999999999999,0.70308017970244
311,0.5439,0.7139109599828299
734,0.9761,0.7316960965191099
786,-1,0.7391790133926299
1573,0.7948999999999999,0.6604847854245199
1775,-1,0.70482250917559
1862,-1,0.7460821998514
655,-1,0.72295166454455
803,0.7297,-1
1268,-1,0.73090529092289
1543,-1,0.71057505100483
2079,-1,0.72256456268305
656,-1,0.68016645439243
1074,0.5324,-1
1334,0.5979,-1
1441,0.5096,-1
233,0.9962,0.84308974336993
155,0.996,0.7389667258635699
56,0.7621,0.72232294865351
1308,0.7999,0.948722935501185
38,0.998,0.73537289301209
1966,-1,0.72863674608456
1537,-1,0.69646209515255
1338,0.7937,-1
1667,-1,0.71711281132392
1215,0.7887,-1
569,0.7499,-1
961,0.998,0.68468620004544
850,0.7994,-1
845,0.7984,-1
214,0.9996,0.83996412117406
2072,-1,0.72047560801176
759,0.5992999999999999,0.7248043206141199
725,0.5369999999999999,0.72597960259795
187,0.7982,0.8877916184341
1371,0.7781,-1
91,-1,0.67630221769504
1022,0.795,0.69515033111045
493,-1,0.6958212513255599
846,0.7948999999999999,0.72946338566448
1065,0.5034000000000001,-1
1443,0.7964,0.68579012247369
135,0.7942,0.82968198981006
582,0.7664,-1
1012,-1,0.68979171320566
1865,-1,0.74453076076951
2078,-1,0.7209933317508199
1250,0.794,-1
2080,-1,0.72043421177864
676,-1,0.70170873698523
136,0.7979,0.69299397849039
1823,-1,0.69584090092445
1805,-1,0.74044018335781
1424,0,-1
585,0.7994,-1
1263,0.7978000000000001,-1
1685,-1,0.73867859609483
96,-1,0.69486197052292
1867,-1,0.74470586127711
1001,0.7993,0.72538171767996
1955,-1,0.7397499801827601
1146,-1,0.74229056535004
1842,-1,0.74696683922555
933,-1,0.70703510007159
754,0.5994999999999999,-1
1275,0.26870000000000005,-1
184,0.7965,0.7065252973140099
1009,0.795,0.75060765482278
1310,0.8,0.82463223752997
1057,0.7848999999999999,0.70409622713669
1136,0.7916,-1
345,0.7942,0.83379928490641
141,0.7994,0.72633371975931
1010,0.795,0.75368343092012
835,0.7985,0.70899644621018
1773,-1,0.70485729923078
1341,0.7317,-1
1005,0.7925,-1
795,0.9988,0.930369545995629
701,-1,0.72090016029687
1427,0.5566,-1
1917,-1,0.74703452115291
731,0.5369999999999999,0.70889568267155
130,0.5583,0.76640400260436
749,0.9996,0.70288884609809
1612,0.9957,0.70229099131274
384,0.9974,0.69247577230278
159,0.9993,0.69996881715071
1658,-1,0.70960251723053
1168,0.7953,0.7107983557712401
1484,0.7958000000000001,0.72740654926738
238,0.9975,-1
1589,-1,0.72750590754209
1108,0.7994,-1
1969,-1,0.7200599617921599
1675,-1,0.7382494456684
617,-1,0.69317808543643
698,-1,0.7994682090805401
1461,0.9958,-1
39,0.9996,0.74288276754769
1476,0.7666999999999999,-1
358,0.7942,0.84865069735521
1251,-1,0.73058959463438
1585,-1,0.71715410339942
181,0.7988,-1
750,0.9996,0.70074215098696
1660,-1,0.75805254141786
1692,-1,0.7383117748670001
472,-1,0.69592162975786
1238,0.796,-1
1930,-1,0.69747905906828
859,-1,0.71920252255892
460,-1,0.7089503813464599
957,0.7927,0.69769518017532
870,0.7963,-1
1020,0,-1
864,0.7962,0.71244168066311
881,0.7605999999999999,-1
2100,-1,0.71991840637718
283,0.7945,-1
1725,-1,0.7114521301735299
282,0.7993,0.938232942452541
533,0.4786,-1
1835,-1,0.70194747779385
538,-1,0.7323732543132
359,0.7942,0.85714937085054
50,0.7983,0.68205738593927
787,-1,0.7151023208777401
1220,0.4859,-1
1947,0.7992,-1
163,0.9996,0.72220163757777
1918,-1,0.74456577186982
678,-1,0.78960115844714
921,0.9989,0.8496388705219999
294,0.7696000000000001,0.71290572321357
841,0.7658,-1
1916,-1,0.7470190601105899
411,0.9888,0.74908630017687
57,0.7982,0.7181847340715
1733,-1,0.7267804537453
877,0.7755,0.69283806550773
2,0.37660000000000005,-1
252,0.9984,0.89154443409951
1435,0.7292000000000001,-1
1148,-1,0.6322721207072299
1719,-1,0.75691973328245
194,0.5974999999999999,0.71795301658732
199,0.9982,0.73485627119446
347,0.7942,0.89872217576193
361,0.7942,-1
104,-1,0.73854603346738
355,0.7942,-1
733,0.5369999999999999,0.7543083901531
1626,0.9999,0.956835468712113
90,-1,0.6948636934811401
1939,0.7968999999999999,0.68628565449451
2031,0.7985,-1
274,0.7918000000000001,0.79865366062306
865,-1,0.72687489796461
1944,0.7919,0.7128694441497501
154,0.7988,0.73085554253059
337,0.7845,-1
537,-1,0.71199087686984
1976,-1,0.68891009124042
124,0,0.7189528700376699
1221,0.4961,-1
1348,0.7941,-1
1042,0.795,0.7109121736056
849,0.7985,-1
1150,-1,0.67160876825012
446,-1,0.71705811761182
1154,-1,0.63518652797063
153,0.7976,-1
243,0.9982,0.8180763964986499
2002,-1,0.7700939465296099
2068,-1,0.72653279441692
1033,0.795,-1
555,-1,0.66031511071575
1394,0.9781,-1
1965,-1,0.76237822837723
261,0.7961,0.85546037850953
558,0.9996,0.71533108659673
1061,0.7939,0.51061232353278
774,0.7963,0.73502678801232
461,-1,0.70894630990517
204,0.7994,0.72202516708435
1605,-1,0.67508161037882
712,0.9991,0.70341749812832
1721,-1,0.7103010725962899
1981,-1,0.7140907348805501
258,0.7999,0.83157199523179
1961,-1,0.73147533752769
1000,0.7986,0.707614623524
628,-1,0.85010563904911
768,0.792,0.7230195337641401
376,0.7934,0.83866489000361
1592,-1,0.6737538485724099
836,0.7994,0.7229850313333199
598,0.5331,0.71223674918186
457,-1,0.7084328120108501
1753,0.5213,-1
166,0.9985,-1
1890,-1,0.7447477555969599
1584,0,-1
164,0.7966,0.7010612728157399
1298,-1,0.69084666893227
2074,-1,0.72478313689991
2101,-1,0.71992141839377
827,0.7994,-1
752,0.9993,0.72335712855472
1232,0.5957,0.7105949286467099
1399,0.7966,0.7180296356864
837,0.7994,0.7271920949138599
1129,0.9889,0.74319990564057
1907,-1,0.7470049867622299
914,0.9987,0.72260273986587
1385,0.7947,0.8901745133271
1607,-1,0.67780345544121
776,0.7958000000000001,0.69445834808242
1366,0.7942,0.84377362779804
467,-1,0.73626429190744
1147,-1,0.64406498831749
270,0.7944,0.84832088435406
584,-1,0.72600760872646
1495,0.7948,-1
120,-1,0.62585314208583
1986,-1,0.6898732600991699
2093,-1,0.71718251447729
1405,-1,0.6926930766266199
1686,-1,0.73828409313758
55,0.7781,0.7124722634781699
695,-1,0.72374874931844
1516,0.7837000000000001,-1
783,0.7975,0.83163321513004
638,0.9986,0.87564270189295
852,-1,0.6991339773755401
1438,0.7787,0.70446329985061
1818,-1,0.70876870987451
1481,0.7337,-1
1825,-1,0.72476767422354
423,0.7958000000000001,0.89280504962106
1774,-1,0.7434885881745901
122,0.7622,0.7185634421282601
142,0.7936,0.82763561848668
1954,-1,0.74637961946443
1997,-1,0.72708900039694
906,0.9975,0.69814432533108
968,0.9983,0.83313780418271
1395,0.7714,-1
375,0.7997,0.89743423776701
229,0.9962,0.92774067546537
1993,-1,0.7013186197460299
269,0.5918,0.902636499519545
1552,-1,0.70326162401089
819,0.9761,0.7138642452510899
709,-1,0.70830729581704
1554,-1,0.71392108538455
1580,0.7948999999999999,0.84663248875553
1795,-1,0.73237633569838
433,0.7938000000000001,0.8388903788452999
919,0.9978,0.7336052433410001
723,0.9991,0.6836958945778
967,0.9983,0.83362230476088
1760,0.5213,-1
979,0.5369999999999999,0.70179677146214
1529,-1,0.67613041930132
1676,-1,0.74039807239371
719,0.9994,0.7070743575737499
42,-1,0.7137659804805501
696,-1,0.7481428405308099
340,0.7942,-1
780,0.9958,0.6955623292298301
658,0.7965,0.71006626295588
1406,0,-1
94,0.44830000000000003,-1
2094,-1,0.717211660041
613,0.7997,0.89737991393636
1173,0.5213,-1
1851,-1,0.7451654037633699
1900,-1,0.74702251713449
306,0.5344,0.6973302660665299
1798,-1,0.68946076985432
1191,0.7958000000000001,0.7064514933745
108,-1,0.66700069771187
2040,-1,0.7159896502255
456,-1,0.69779439495535
1949,0.7992,-1
567,-1,0.69650195554124
2018,-1,0.7480533371560101
260,0.9986,0.87222453717451
1687,-1,0.73824057708962
421,0.7958000000000001,0.922243078238045
1069,0.9996,0.70664918284369
1082,0.5965,0.7323484326508201
997,0.5974999999999999,0.73940200646303
1996,0.7855,0.69537082089895
2076,-1,0.7302874307074501
1724,-1,0.71223899237333
249,0.9981,0.928656675364036
40,-1,0.69106488427171
1518,0.9988,0.91569675782376
1859,-1,0.7445288693787799
216,0.9996,0.86679695097424
1941,0.7998000000000001,0.68824435928795
1122,0.7927,0.72178538392391
1752,0.5213,-1
646,0,0.69888323061743
1029,0.795,0.70678074921598
1381,0.7942,0.86661979775172
766,0.9987,0.70072937384623
1060,0.7939,0.72554042189902
1202,0.798,0.73675183540318
614,-1,0.72764320990497
44,0.9928,0.7091569652770899
1023,0.795,0.6965602300206399
393,0.7994,0.71395903337844
661,0.7942,0.82410640456684
773,0.9958,0.7235343771896501
1228,0.5992,0.7280189937047
1715,-1,0.75611424781861
1960,-1,0.76089523768578
189,0.7923,0.6789465596063899
1669,-1,0.67325613441045
1674,-1,0.73831040236562
1850,-1,0.74606706925422
399,-1,0.73181588787059
328,0.7969999999999999,0.72336496765612
1412,-1,0.7488854489333
5,0.37660000000000005,-1
1126,0.7957,0.70650544025635
1700,-1,0.74040332662202
1841,-1,0.74635230893494
400,-1,0.6595038657618
812,0.7962,0.6779033776817001
1739,0.9965,0.926467353455305
549,-1,0.71998893298828
1665,-1,0.89369619916781
1655,-1,0.6957279495091899
464,0.7838,0.67050578036314
920,0.999,0.82854791059125
12,0.405,-1
802,0.7921,-1
2029,-1,0.7034993987715901
1434,0.777,-1
374,0.9982,0.906458574865721
853,-1,0.71556516541781
1321,1.0,0.82575013998699
1764,-1,0.70260131063541
1524,0.355,-1
1241,0.7458,-1
1932,-1,0.70432184051639
1167,0.7989999999999999,0.72272397426496
281,0.7958000000000001,0.920596005896314
354,0.7936,0.82799221452969
1603,-1,0.67318571907361
2025,-1,0.72094771607274
587,-1,0.69769705046217
45,-1,0.7131577726296501
1840,-1,0.7486845066914101
1354,-1,0.74999776639453
1015,0.795,0.7250418984691
424,0.7958000000000001,-1
348,0.7942,0.86502889724315
1356,0.7942,0.69534497810968
1008,0.795,0.75459059167096
1166,0.7993,0.75661208677528
926,-1,0.70703398252464
442,-1,0.70939321444607
559,-1,0.7293715463186701
1809,-1,0.7333036803694399
1260,-1,0.65443802073767
1270,-1,0.7235166721756601
564,0.9781,-1
778,0.7958000000000001,0.6985466602550601
1560,0.7663,-1
1099,0.9998,-1
1608,-1,0.67530003341359
235,0.9962,0.85792885990839
1285,0.9994,0.6967022108313701
2894,0.44830000000000003,-1
1421,-1,0.71421266264186
1926,-1,0.72899043697919
1895,0.4838,-1
200,0.7677,0.71178032342301
383,0.5331,0.72435921317789
1813,-1,0.6809564663461101
1887,-1,0.74703528432418
1988,-1,0.71022590004887
341,0.7942,0.84564950068383
1182,0.478,-1
1037,0.795,0.70946595282406
54,0.7962,0.71935554146046
1527,0.355,-1
810,0.7944,0.73715992757008
1043,0.795,0.72265177155921
820,0.9761,0.72016305438508
1831,-1,0.72068496070665
179,0.9988,0.7181359817288799
230,0.9974,0.81478796830375
1517,0.7979,0.6930566542084
1727,-1,0.74213800329469
335,0.5949,-1
942,0.9889,-1
428,0.7958000000000001,0.933417569823091
950,0.9962,0.70703907071151
663,-1,0.6789795413847399
41,-1,0.7044511360064101
1919,-1,0.74519203187688
730,0.5369999999999999,0.75403171072011
1179,0,-1
1140,0.9889,0.7251789740090899
116,-1,0.62546445216684
240,0.9988,0.956224338296573
1261,0,-1
975,0.9906,-1
1245,0,0.69622853308995
1192,0.7961,-1
1383,0.7958000000000001,0.79477701516866
1856,-1,0.74607927637133
886,0.7456,-1
1884,-1,0.74471175160774
1240,0.5359,-1
1591,-1,0.67057525872422
319,0.7996,0.6612315775677999
1283,0.9974,0.86789733670144
420,0.7958000000000001,0.89237255438459
973,0.9992,0.68461400024831
1526,0.355,-1
969,0.5369999999999999,-1
1498,0,-1
683,-1,0.70843064934898
609,0.9993,0.83697561837318
688,0.7633,-1
1602,-1,0.67573697886411
1570,0.7948999999999999,0.66584146686206
703,0.7934,0.83304790505752
1335,0.5166,-1
767,0.9982,0.71892075029504
673,-1,0.7198206512218299
1467,0.9991,0.7111296380807199
1090,0.7985,-1
1504,-1,0.72611465677903
87,-1,0.67324426166241
523,0.7923,-1
887,0.9892,0.6907739953534899
2096,-1,0.71722740859196
1028,0.795,0.70184910309254
127,0.791,0.909792568724477
1282,0.9974,0.84847308040674
1848,-1,0.74517147012188
1389,-1,0.70668695397914
984,0.7755,0.72996305432707
1688,-1,0.74042883171598
872,0.9994,0.73193312515042
1359,0.7942,-1
1520,-1,0.73209938240683
227,0.9987,-1
1463,0.9958,0.68158907552084
2032,-1,0.7574662314548399
148,0.754,-1
1367,0.73,-1
634,-1,0.70320844218379
224,0.9988,0.74364688099211
1788,0.7925,0.68645326621534
536,-1,0.67872203313585
396,-1,0.7243552663011901
729,0.5369999999999999,0.76094483049385
1420,0.7954,-1
1609,-1,0.6773673968806599
145,0.5213,0.69084818236815
380,-1,0.7126096553769801
1259,0.7955,-1
970,0.9992,0.71802240202887
1265,0.7706999999999999,-1
1007,0.795,0.75372282790703
429,0.9993,0.80966468095406
1236,0.7975,-1
32,0.4749,-1
801,0,-1
1195,0.7958000000000001,-1
1382,0.7942,0.8823592995803
1747,0.5213,-1
1908,-1,0.74453801625146
1365,0.7942,0.8786955238836001
1920,-1,0.74473097203025
1468,0.9991,0.6749662246102099
779,0.7958000000000001,0.68388139573979
1708,-1,0.7388543366801901
98,0.9781,0.69308362223239
1475,0.7695,-1
675,0.7982,0.6954811483718699
878,0.7755,0.71704434536499
1115,0.7387,0.72289290813633
1945,0.7919,0.69984486852507
1943,0.7989999999999999,0.70899825050396
333,0.7718,-1
1765,-1,0.73439332875111
422,0.7958000000000001,0.916400612687228
1006,0.7925,-1
1210,0.7982,-1
1130,0.7894,0.69411438659326
791,0.9982,0.6700301317832
888,0.9891,-1
1003,0.7987,0.8791403257681
431,0.999,0.8184090812785
2061,-1,0.70351723494348
2035,0.5481,-1
1453,0.5584,0.66133191264196
263,0.9962,0.87189772003642
1174,0.5924,-1
74,-1,0.69259078647814
25,1.0,0.9999999999993529
1651,-1,0.77344965393386
1737,-1,0.76864138791085
1470,0.9991,0.69628323339624
592,-1,0.7151986906637899
1309,0.7999,0.948722123324024
417,-1,0.6993920373943
1120,0.7387,0.72833644168445
1646,-1,0.72743056080636
1557,0.7735,-1
2063,-1,0.70411804453597
1625,-1,0.7210584473145101
1754,0.5213,-1
1079,0.7943,0.72309569998086
947,0.9984,0.69317111729774
1938,0.7968999999999999,-1
1358,0.7942,-1
829,0.7988,-1
1056,0.7848999999999999,0.9313949555878009
929,-1,0.70704147209507
606,0.7921,0.7886315004708
832,0.7978000000000001,0.71086363147229
1097,0.9998,-1
279,0.9996,0.89261865725993
385,-1,0.74810861264783
468,0.9989,0.73084654415272
1071,0.24619999999999997,-1
1416,0.9982,-1
797,0.7732,0.70238413519584
1025,0.795,0.70828238708854
2057,-1,0.7209461811931299
331,0.5994999999999999,0.7236645853599599
1525,0.355,-1
720,0.7994,-1
1357,0.7942,-1
1661,-1,0.7600066708774
1183,0.7732,-1
357,0.7942,-1
959,0.7994,-1
1400,-1,0.6703673017494001
425,0.7958000000000001,0.87704011079748
2039,0.49560000000000004,-1
1510,0.7927,0.69901398081792
1373,0.7781,-1
1784,-1,0.71635250134062
360,0.7942,0.82553932893423
2104,-1,0.71489866601538
1653,-1,0.6672771607519
449,-1,0.72393014356098
1223,0,0.80284700940598
2067,-1,0.73028874664
576,0.5287,-1
413,-1,0.72178567706573
1593,-1,0.67119066624879
1297,-1,0.68979482909876
1898,-1,0.73554425819684
1462,0.9958,-1
405,-1,0.713774447187
1702,-1,0.7388674871337699
1590,-1,0.67313906414699
863,0.9969,0.72689085160398
1242,-1,0.69707956953866
1368,0.7978000000000001,0.7385046711569
1425,-1,0.72127827679238
1649,-1,0.74376465361726
144,0.6780999999999999,0.74048929012431
287,0.7958000000000001,0.82572078476666
241,0.7942,0.83067252513732
1279,0.9978,-1
1322,1.0,0.84716328115014
882,0.9692,0.69624686628803
2042,0.7807999999999999,-1
30,0.9962,0.933070448993964
1928,0.7982,-1
1502,0.7781,-1
993,0.9919,-1
1364,0.7942,-1
1881,-1,0.74609056100078
220,0.9996,0.954381098670116
1455,0.9987,0.66819447047499
1596,-1,0.67453365470344
1563,0.9949,0.71392185485328
1531,-1,0.7306709681208701
1432,0.7892,-1
299,0.7936,0.68298968485407
934,-1,0.7069965737563
1089,0.9969,-1
1128,0.9889,0.73569789031932
58,0.982,0.71612369641186
1004,0.7925,-1
1141,0.8,-1
390,0.996,0.7325111377856299
757,0.5992999999999999,0.69806438331549
367,0.7942,0.8274887137301901
453,-1,0.67550584896037
1492,0,-1
1978,-1,0.7197923240081
1471,0.9981,-1
793,-1,0.65677494882795
936,-1,0.7070407258940701
910,0.9978,0.7109357837172
1951,0.14980000000000004,-1
1304,0.7995,0.94879344438443
884,0.9892,0.69960591686996
1437,-1,0.74269745222201
105,-1,0.6612768586577
1177,0.9992,0.7281431064543
1610,-1,0.67482114058943
1810,-1,0.7071166984391299
1209,0.5369999999999999,0.71597777562171
1632,0.9867,-1
697,-1,0.76974519067668
1051,0.9971,-1
1927,-1,0.7139373060800001
1156,-1,0.6474957141041799
1624,-1,0.70498181035078
123,-1,0.66116125854527
1072,0.794,0.74545340725178
834,0.7985,0.7187083688485101
1698,-1,0.7382874334157801
1952,-1,0.7422876793716899
2055,-1,0.7202107493207199
804,0.9946,0.73491492982834
212,0.7781,0.82503784411167
1577,0.7948999999999999,0.73819272458666
448,-1,0.7216104067041
203,0.7982,0.7039618963713801
176,0,0.74057546542266
1571,0.7948999999999999,0.6680183611571
35,-1,0.72751952891523
1889,-1,0.74519519571335
1899,-1,0.7451661853945499
960,0.7781,-1
1319,0.9982,0.82162665317458
1121,0.7927,0.7459874133887601
1369,0.4487,-1
1630,-1,0.70015061465828
2064,-1,0.7210046011196001
840,0.7988,0.7439807928103199
1647,-1,0.7317756098171699
1350,0.7942,-1
1886,-1,0.74703469956789
1979,-1,0.7456844399057
2053,0.7997,-1
85,-1,0.6835803493933801
815,0.5992,0.72279487775156
223,0.9987,0.84689159481243
925,-1,0.7070218026177
371,0.5936,0.87882086943111
1114,0.7387,0.7231565862096301
833,0,-1
395,0.9993,0.73100448219882
1206,0.7887,0.6828560789774301
1281,0.9975,0.87107703523106
1288,0.9949,0.70200510516237
1452,-1,0.66570883357066
641,0.7942,0.83229641163359
1313,1.0,0.82853748508008
301,0.7926,0.71267714774191
857,-1,0.7144797244176899
1816,-1,0.70085204576916
43,-1,0.71459932338804
1664,-1,0.70944654499482
1296,0.9949,0.85331690721234
221,0.9946,0.85036379939981
336,0.7646999999999999,-1
1640,0.9867,-1
1436,0.7726,0.7058116858398
1987,-1,0.74641264904193
622,0.5936,0.85317981795996
392,-1,0.68280262438257
561,0.5896,0.71399429763139
1380,0.7358,-1
1200,0.5907,0.88305161586911
408,-1,0.67607034429501
1081,0.4749,-1
2011,-1,0.72945638912545
1901,-1,0.7445468818925001
137,0.4749,-1
1600,-1,0.6751409645363899
880,0.7657,0.72377950969827
1014,-1,0.71617302739733
1316,-1,0.79922298999894
466,-1,0.6614898897942301
1956,-1,0.7424621162532901
612,0.7936,0.82855999111127
927,-1,0.70704878273005
686,0.7633,-1
1869,-1,0.7451783099404901
1422,0,-1
1439,0.5369999999999999,0.68533859290497
1291,0.9949,0.81950703875976
1789,0.7925,0.75085915735273
1863,-1,0.74516883337895
1199,-1,0.71734752613123
1734,-1,0.76713697346381
552,-1,0.7122207423843601
386,0.798,0.71732061713176
700,-1,0.69386210366048
382,0.9691,-1
862,0.7985,-1
1024,0.795,0.69167806823443
1561,0.7663,-1
1566,0.7919,0.7621814084256
1703,-1,0.73864489524808
899,0.9979,0.6881852519617799
1342,0.7317,-1
1091,0.9973,-1
847,0.7948999999999999,0.7289857068429
867,0.7915,-1
1555,0.7963,0.68926700904424
132,-1,0.75198676980541
401,0.9989,0.72533171745142
893,0.7684,-1
938,-1,0.70851128415246
1906,-1,0.7469939617461501
939,-1,0.72815041463536
139,0.7696000000000001,-1
553,-1,0.71462608847418
715,0.998,0.73534835802251
2037,0.7187,-1
782,0.7975,0.83164111327195
1806,-1,0.70602083302789
948,0.7979,0.69514067442353
1583,0.4617,-1
292,0.7991,0.928108779283251
540,-1,0.68238601964239
868,0.7911,0.71779973214006
2024,-1,0.7210038990093399
1778,-1,0.70933953870315
1172,0.5924,-1
215,0.9985,0.82468720451899
788,0.10880000000000001,-1
463,-1,0.6606906122485501
615,-1,0.69750164515894
544,0.5468,-1
1055,0.7925,-1
1329,0.7762,-1
631,-1,0.70591563250733
1634,0.9867,-1
434,0.7982,0.79235995257195
1683,-1,0.7396156911876399
316,0.9988,0.67279285874196
168,0.9962,0.71207324888587
595,-1,0.70949543973019
1158,-1,0.7562944284796
397,0.9996,0.7497435566836901
432,0.999,0.89909422952359
811,0.7944,0.72195725593016
912,0.9974,0.68410365831799
403,-1,0.6967180786085
70,0.7787,0.6214688298422499
170,0.7985,0.73329358711421
839,0.7994,0.7271276964192099
1113,0.7387,0.72288284675768
1211,0.7982,-1
1402,0.7727999999999999,-1
901,0.9978,0.72088266365662
1444,0.7635000000000001,-1
1418,0.7954,0.68229228879715
86,-1,0.70816680105201
1586,-1,0.68966729251899
2091,-1,0.71719787297339
410,-1,0.69609460401873
1864,-1,0.74699745534729
1921,-1,0.74476525125688
684,-1,0.69735078698778
1116,0.7387,0.7283324523622501
350,0.7942,0.82375792471973
1678,-1,0.73887693663
1063,0.7939,0.72282708562144
707,0.9888,0.7490832012119699
1639,0.9867,-1
1888,-1,0.74455497736081
694,-1,0.81559120870456
121,-1,0.65432466244616
1315,1.0,0.917098486751404
1059,0.7848999999999999,-1
856,-1,0.72857307723968
1170,0,-1
1882,-1,0.74608645872969
1073,0.794,0.74234277651422
1642,0.9867,-1
112,-1,0.62421802437001
1782,-1,0.69632294390946
207,0.7918000000000001,0.8082764383012699
1284,0.9974,0.86896088902738
1575,0.7948999999999999,0.66766924582495
1088,0.9973,0.71533697851567
113,-1,0.62262151885772
800,0.4749,-1
1118,0.7387,-1
1227,0.7976,0.73203632628862
550,-1,0.74451977723706
415,0.7961,0.7359259890716501
394,-1,0.6959363632792099
935,-1,0.70702683422793
883,0.7914,0.69130849082637
273,0.5918,0.78145252470256
373,0.5819,0.7132049033121199
1036,0.795,0.70828095977003
2021,0.9742,-1
545,-1,0.66694611053663
704,-1,0.66353094238531
822,0.5918,0.902152557363754
1273,0.7587,-1
913,0.9987,0.72464678083581
80,-1,0.7245363023953699
1302,0.7993,0.85098085391525
363,0.7942,0.85785315511124
1820,-1,0.67838432469184
962,0.7799,-1
1187,0.4917,-1
1620,-1,0.7179628438357499
1749,0.5213,-1
745,0.9996,0.71882857176015
1538,-1,0.7202202920169001
1904,-1,0.74610025320708
1190,0.7992,0.8622150396491
2065,-1,0.72477355843768
1564,0.9992,0.72814174536796
81,-1,0.74275343086899
1616,-1,0.70963419383074
1325,0.7964,0.6806803233452501
1067,0.7978000000000001,0.69908164813645
1559,0.7663,-1
290,0,0.922803584810724
1972,0.7989999999999999,0.72080924203125
1643,0.9867,-1
1827,-1,0.70812280798383
387,0,0.71847863388884
61,0.995,0.7153185794949
1144,-1,0.66121318440181
1180,0,-1
364,0.7942,0.8220438839777
1501,0.7781,-1
1768,-1,0.68929060618347
1581,0.7948999999999999,0.69807523809522
1112,0.7387,0.7231518000658099
896,0.9991,0.7170096684659599
1326,0,-1
1407,0.7704,-1
1953,-1,0.74544259203387
140,0.7985,0.71799134906621
24,1.0,0.9999999990680305
303,0.7963,-1
436,0.9999,0.928750689496411
205,0.7921,0.78738523943934
1301,0.7364999999999999,-1
1171,-1,0.64475910059299
772,0.4669,0.7256078231302401
1353,0.7941,0.66260109206815
322,0.7906,0.80924655849357
945,0.9786,0.70703009468527
1175,0.5931,0.74127557316438
1314,1.0,0.81996105640991
1213,-1,0.72065014479223
1576,0.7948999999999999,0.6698047358478401
1110,0.9768,-1
1801,-1,0.71631433195314
73,-1,0.6804258569045101
806,0.9994,0.72331239088839
2006,-1,0.70485935163793
1397,-1,0.665799798069
99,-1,0.6385361028415
172,-1,0.70621559792978
565,-1,0.69205368217559
1075,0.794,0.70910932685044
922,-1,0.70701460993246
1125,0.9889,0.7115950592547899
1139,0.9889,0.73476525706884
940,0.9991,0.908356394601641
1839,-1,0.7469201942339501
1973,-1,0.6787036362897301
599,0.39949999999999997,0.7229387480312
941,0.9987,0.69273497144749
302,0.7969999999999999,0.7202830347967499
807,0.9994,0.73801296817021
590,0.9977,0.69149462389219
62,0.9996,0.71655301742125
441,-1,0.70811474361378
1231,0,-1
1500,0.7781,-1
1975,-1,0.7225723739551899
1541,-1,0.75332608799224
1808,-1,0.7217419846670601
1892,-1,0.74611239702876
118,-1,0.66534035812819
1807,-1,0.72512430091625
1766,-1,0.74473548893889
454,0.7956,0.71480901523591
388,-1,0.72974433268287
414,-1,0.7785825949125
1933,-1,0.7120243919621401
1237,0.9801,-1
1548,-1,0.76980145279231
593,0.9748,-1
1345,0.7941,-1
1619,-1,0.70657787739127
1723,-1,0.7099990369540801
573,-1,0.73327424053843
1410,0.7982,-1
1542,-1,0.7280265889791999
915,0.9988,0.7090688570646599
982,0.9976,0.74004411163115
577,0.7994,0.74429706722477
691,-1,0.7372826651619999
133,-1,0.72277801067488
1131,0.9998,-1
1974,0.796,0.69193226941125
1994,-1,0.72900893541568
1083,0.5985,0.73377251563188
1876,-1,0.74701179042918
201,0.9996,0.70850678899698
1324,0.7964,-1
1769,-1,0.68178235850618
1362,0.7942,-1
2070,-1,0.72256617196318
1761,-1,0.731498618441
1032,0.795,-1
828,0.7988,-1
1127,0.9889,0.73733458149894
2023,-1,0.72311156898065
1843,-1,0.7465084647818601
190,0.7962,0.69487805927189
1826,-1,0.70701713224791
1731,-1,0.74332110887502
541,-1,0.6829184837679
219,0.9996,0.86953512419207
1579,0.7948999999999999,0.6772829901595501
1681,-1,0.73821426372964
2012,-1,0.72574506044
792,0.9982,0.69769327840143
1849,-1,0.7447217369863299
1423,0.7996,-1
1133,0.7923,-1
1392,0.7975,0.909989147292681
876,0.5952,0.6889288673567799
1989,0.9973,0.71248009598218
965,0.9983,0.84454593200857
92,0.5411,0.69985672393325
809,0.7923,0.72764583724543
1912,-1,0.74609158472892
1466,-1,0.69548192659709
2106,-1,0.71619217000392
437,-1,0.9358969178023651
128,-1,0.68288469477812
1854,-1,0.74516145448325
1230,0,-1
156,0.9992,0.7175513160898199
1374,0.7989999999999999,-1
610,0.9993,0.84441412063331
438,0.7973,0.83823225300432
1828,-1,0.70811751700658
1107,-1,0.71167700885766
1706,-1,0.74039873049968
318,0.8,0.67963067043312
237,0.9962,0.83312432180301
23,0.9962,0.933069569211374
262,0.9982,0.89651755084809
1748,0.5213,-1
352,0.7942,0.817528650101
838,0.7994,0.73401398281785
452,-1,0.65048092150436
1803,-1,0.70391508943652
312,0.5369999999999999,0.69029173225481
1546,-1,0.65722210887266
169,0.7963,0.71609662695197
1982,-1,0.70208076150181
679,-1,0.7047413457088201
974,-1,0.73470971199403
1885,-1,0.74520772589751
1870,-1,0.74702352701652
165,-1,0.70130524199314
326,0.4917,-1
629,-1,0.73349458426394
1451,0.9958,0.67111251079845
1937,0.7995,-1
264,0.9999,0.82846712228825
351,0.7942,0.83866145807979
1779,-1,0.7180493121463101
1611,-1,0.71435985770902
708,-1,0.7088476029324899
95,0.7931,0.70385784313756
1604,-1,0.67761179478179
1426,0.7941,0.67962034095365
816,0.5949,0.74305986121291
1372,0.7992,-1
1755,0.5213,-1
182,0.38039999999999996,-1
1909,-1,0.74516550083445
1038,0.795,0.7101273848835901
743,0.9996,0.6864487399611
416,-1,0.69986366693509
556,0.995,0.7206028749565501
419,-1,0.7329315107143299
9,0.37660000000000005,-1
288,0,0.912071838125068
6,0.37660000000000005,-1
222,0.7986,0.85876252756004
315,0.9988,0.68882621062728
818,0.5949,0.73838327273319
79,-1,0.72757479886899
1483,0.9962,0.70652493804763
748,0.9996,0.72488262208966
1837,-1,0.70722540139425
568,-1,0.69204983285733
1694,-1,0.74041183071091
332,-1,0.72014922635587
956,0.7987,0.69332451738507
406,-1,0.74259291365488
955,0.7987,0.6910622717670301
1623,-1,0.72216554859224
1791,0.5179,-1
1672,-1,0.74628142691777
682,-1,0.7664906699697001
2066,-1,0.7322070800051099
27,0.7942,0.923485532734308
618,-1,0.72294792483367
1300,0.7994,-1
404,0.7982,0.73850747161869
2026,-1,0.7215879297895
1629,0.7986,-1
430,0.7897000000000001,-1
2107,-1,0.71619475499914
47,-1,0.72830154987995
842,0.7994,-1
278,0.9957,0.8541522308124501
296,0.9972,0.71727848438304
300,0.7883,0.6904728620403
1950,-1,0.75830728785475
11,0.405,-1
208,0.7921,-1
2010,-1,0.73136926783586
946,0.9962,0.68193596637974
971,0.9992,0.6792204621100699
1530,0.7962,0.72605165323036
1035,0.795,0.6776020274775201
78,0.9921,0.69774018500351
1729,-1,0.7421396362582
1551,-1,0.70877711496052
1903,-1,0.74475873832579
642,0,0.69892871704425
2022,-1,0.7084221342653501
173,0.7979,0.72582032803023
284,0.7934,0.910870236601329
64,0.7963,0.7324749490475699
854,-1,0.71319121362306
907,0.9974,0.6820110543025499
1666,-1,0.72568697622817
1262,0.7993,0.8399832401080201
427,0.7958000000000001,0.89321963245672
152,0.798,0.75953036037602
134,0.38859999999999995,-1
1670,-1,0.70829722042182
1340,0.7937,-1
1078,0.794,0.70827664548756
1442,0.5096,0.69758287658021
1478,0.7626999999999999,-1
1738,0.9965,0.926464647716251
125,-1,0.6972835839815901
1117,0.7387,-1
844,0.798,-1
178,0.9761,-1
1134,0.7921,0.71494114425276
19,0.9919,-1
107,-1,0.61560705685203
711,0.9991,0.69829028742446
873,0.9994,0.71058570557257
879,0.7634,0.71116161535161
198,0.9979,0.70553521673925
681,-1,0.7158808903093901
180,0.7781,0.7213551392835
1151,-1,0.64722523070402
259,0.9986,0.87545664210006
917,0.7975,0.73362702399096
1479,0.593,-1
775,0.7958000000000001,0.6941575445860799
1569,0,-1
1893,-1,0.74610938022761
1295,0.9949,0.82519168339176
1726,-1,0.7106916371627701
659,0.7942,0.82693428741429
1049,-1,0.6768902217522901
1613,-1,0.67559038649847
1780,-1,0.7078112130155201
611,0.7936,0.8271691148797
1332,0.7384,0.71142869924966
1048,0.7162,-1
858,-1,0.71557060410585
1970,-1,0.71816066342
1255,0.7781,-1
2027,-1,0.70411629353784
1155,-1,0.66656087625619
1019,0.795,-1
1398,0,-1
1800,-1,0.77134494618302
1716,-1,0.75564469016395
988,0.7927,0.71854395306497
1845,-1,0.74515202380294
115,-1,0.61470235775366
1880,-1,0.7447336001601901
1503,0.7781,-1
1595,-1,0.6717940653233401
10,0.0040999999999999925,-1
958,0.7994,-1
2105,-1,0.72334526421868
1999,-1,0.71627190983981
455,-1,0.7010431247084701
1109,0.7986,0.74909525908068
1622,-1,0.71638832458523
